1,SP,Hiroki Kuroda,37,16,11,.593,3.32,33,33,0,3,2,0,219.2,205,86,81,25,51,2,167,8,0,13,891,125,1.165,8.4,1.0,2.1,6.8,3.27
2,SP,CC Sabathia*,31,15,6,.714,3.38,28,28,0,2,0,0,200.0,184,89,75,22,44,2,197,8,1,4,833,123,1.140,8.3,1.0,2.0,8.9,4.48
3,SP,Phil Hughes,26,16,13,.552,4.23,32,32,0,1,0,0,191.1,196,101,90,35,46,0,165,6,0,3,815,98,1.265,9.2,1.6,2.2,7.8,3.59
4,SP,Ivan Nova,25,12,8,.600,5.02,28,28,0,0,0,0,170.1,194,100,95,28,56,3,153,10,2,6,748,82,1.468,10.3,1.5,3.0,8.1,2.73
5,SP,Freddy Garcia,35,7,6,.538,5.20,30,17,10,0,0,0,107.1,112,64,62,18,35,2,89,3,1,10,461,80,1.370,9.4,1.5,2.9,7.5,2.54
6,SP,Andy Pettitte*,40,5,4,.556,2.87,12,12,0,0,0,0,75.1,65,26,24,8,21,0,69,0,0,1,303,145,1.142,7.8,1.0,2.5,8.2,3.29
7,CL,Rafael Soriano,32,2,1,.667,2.26,69,0,54,0,0,42,67.2,55,17,17,6,24,4,69,1,0,3,279,184,1.167,7.3,0.8,3.2,9.2,2.88
8,RP,David Robertson,27,2,7,.222,2.67,65,0,17,0,0,2,60.2,52,19,18,5,19,0,81,1,1,1,248,156,1.170,7.7,0.7,2.8,12.0,4.26
9,RP,Boone Logan*,27,7,2,.778,3.74,80,0,8,0,0,1,55.1,48,23,23,6,28,6,68,2,0,3,239,111,1.373,7.8,1.0,4.6,11.1,2.43
10,RP,Cody Eppley,26,1,2,.333,3.33,59,0,14,0,0,0,46.0,46,19,17,3,17,2,32,0,0,2,194,125,1.370,9.0,0.6,3.3,6.3,1.88
11,RP,Clay Rapada*,31,3,0,1.000,2.82,70,0,7,0,0,0,38.1,29,14,12,2,17,1,38,1,2,1,155,148,1.200,6.8,0.5,4.0,8.9,2.24
12,,David Phelps,25,4,4,.500,3.34,33,11,5,0,0,0,99.2,81,38,37,14,38,2,96,6,2,2,414,124,1.194,7.3,1.3,3.4,8.7,2.53
13,,Cory Wade,29,1,1,.500,6.46,39,0,7,0,0,0,39.0,46,29,28,8,8,1,38,1,0,0,171,64,1.385,10.6,1.8,1.8,8.8,4.75
14,,Derek Lowe,39,1,1,.500,3.04,17,0,10,0,0,1,23.2,24,9,8,2,6,2,14,0,0,2,98,138,1.268,9.1,0.8,2.3,5.3,2.33
15,,Joba Chamberlain,26,1,0,1.000,4.35,22,0,5,0,0,0,20.2,26,11,10,3,6,2,22,2,0,0,95,97,1.548,11.3,1.3,2.6,9.6,3.67
16,,Mariano Rivera,42,1,1,.500,2.16,9,0,9,0,0,5,8.1,6,2,2,0,2,2,8,0,0,0,32,200,0.960,6.5,0.0,2.2,8.6,4.00
17,,Chad Qualls,33,1,0,1.000,6.14,8,0,4,0,0,0,7.1,10,5,5,0,3,1,2,0,0,1,33,71,1.773,12.3,0.0,3.7,2.5,0.67
18,,D.J. Mitchell,25,0,0,,3.86,4,0,3,0,0,0,4.2,7,2,2,1,3,0,2,0,0,1,24,116,2.143,13.5,1.9,5.8,3.9,0.67
19,,Justin Thomas*,28,0,0,,9.00,4,0,0,0,0,0,3.0,2,3,3,1,1,0,3,0,0,0,12,52,1.000,6.0,3.0,3.0,9.0,3.00
20,,Ryota Igarashi,33,0,0,,12.00,2,0,1,0,0,0,3.0,4,4,4,0,3,0,3,0,0,0,16,39,2.333,12.0,0.0,9.0,9.0,1.00
21,,Adam Warren,24,0,0,,23.14,1,1,0,0,0,0,2.1,8,6,6,2,2,0,1,0,0,0,17,21,4.286,30.9,7.7,7.7,3.9,0.50
22,,David Aardsma,30,0,0,,9.00,1,0,1,0,0,0,1.0,1,1,1,1,1,0,1,0,0,0,5,63,2.000,9.0,9.0,9.0,9.0,1.00
1,SP,Wei-Yin Chen*,26,12,11,.522,4.02,32,32,0,0,0,0,192.2,186,97,86,29,57,0,154,5,1,2,818,105,1.261,8.7,1.4,2.7,7.2,2.70
2,SP,Tommy Hunter,25,7,8,.467,5.45,33,20,5,0,0,0,133.2,161,85,81,32,27,2,77,4,1,0,573,77,1.406,10.8,2.2,1.8,5.2,2.85
3,SP,Jason Hammel,29,8,6,.571,3.43,20,20,0,1,1,0,118.0,104,48,45,9,42,2,113,2,0,3,493,123,1.237,7.9,0.7,3.2,8.6,2.69
4,SP,Jake Arrieta,26,3,9,.250,6.20,24,18,1,0,0,0,114.2,122,82,79,16,35,3,109,5,0,4,496,68,1.369,9.6,1.3,2.7,8.6,3.11
5,SP,Miguel Gonzalez,28,9,4,.692,3.25,18,15,0,0,0,0,105.1,92,38,38,13,35,2,77,5,2,3,434,130,1.206,7.9,1.1,3.0,6.6,2.20
6,SP,Chris Tillman,24,9,3,.750,2.93,15,15,0,0,0,0,86.0,66,38,28,12,24,0,66,1,0,5,347,144,1.047,6.9,1.3,2.5,6.9,2.75
7,CL,Jim Johnson,29,2,1,.667,2.49,71,0,63,0,0,51,68.2,55,21,19,3,15,1,41,3,0,1,269,170,1.019,7.2,0.4,2.0,5.4,2.73
8,RP,Luis Ayala,34,5,5,.500,2.64,66,0,15,0,0,1,75.0,81,27,22,7,14,3,51,4,0,2,320,160,1.267,9.7,0.8,1.7,6.1,3.64
9,RP,Darren O'Day,29,7,1,.875,2.28,69,0,10,0,0,0,67.0,49,17,17,6,14,2,69,3,0,0,263,185,0.940,6.6,0.8,1.9,9.3,4.93
10,RP,Pedro Strop,27,5,2,.714,2.44,70,0,17,0,0,3,66.1,52,18,18,2,37,2,58,4,0,5,283,173,1.342,7.1,0.3,5.0,7.9,1.57
11,RP,Troy Patton*,26,1,0,1.000,2.43,54,0,12,0,0,0,55.2,45,15,15,5,12,2,49,2,0,1,224,175,1.024,7.3,0.8,1.9,7.9,4.08
12,,Brian Matusz*,25,6,10,.375,4.87,34,16,2,0,0,0,98.0,112,61,53,15,41,4,81,0,0,0,441,87,1.561,10.3,1.4,3.8,7.4,1.98
13,,Zach Britton*,24,5,3,.625,5.07,12,11,0,0,0,0,60.1,61,37,34,6,32,3,53,2,0,4,270,84,1.541,9.1,0.9,4.8,7.9,1.66
14,,Joe Saunders*,31,3,3,.500,3.63,7,7,0,0,0,0,44.2,49,20,18,4,8,1,23,0,0,1,184,117,1.276,9.9,0.8,1.6,4.6,2.88
15,,Kevin Gregg,34,3,2,.600,4.95,40,0,13,0,0,0,43.2,50,26,24,6,24,2,37,3,0,0,200,86,1.695,10.3,1.2,4.9,7.6,1.54
16,,Steve Johnson,24,4,0,1.000,2.11,12,4,3,0,0,0,38.1,23,9,9,4,18,1,46,0,0,1,151,201,1.070,5.4,0.9,4.2,10.8,2.56
17,,Matt Lindstrom,32,1,0,1.000,2.72,34,0,3,0,0,0,36.1,35,14,11,2,12,2,30,4,1,1,155,156,1.294,8.7,0.5,3.0,7.4,2.50
18,,Dana Eveland*,28,0,1,.000,4.73,14,2,6,0,0,0,32.1,32,18,17,3,13,3,18,5,0,0,145,90,1.392,8.9,0.8,3.6,5.0,1.38
19,,Randy Wolf*,35,2,0,1.000,5.28,5,2,1,0,0,0,15.1,17,9,9,2,7,0,8,1,0,0,66,82,1.565,10.0,1.2,4.1,4.7,1.14
20,,Miguel Socolovich,25,0,0,,6.97,6,0,1,0,0,0,10.1,11,8,8,2,6,0,6,0,1,0,47,63,1.645,9.6,1.7,5.2,5.2,1.00
21,,Stuart Pomeranz,27,0,0,,3.00,3,0,0,0,0,0,6.0,7,2,2,1,1,0,3,0,0,0,26,149,1.333,10.5,1.5,1.5,4.5,3.00
22,,Zach Phillips*,25,0,0,,6.00,6,0,3,0,0,0,6.0,7,4,4,2,3,1,5,0,0,0,28,74,1.667,10.5,3.0,4.5,7.5,1.67
23,,J.C. Romero*,36,0,0,,6.75,5,0,2,0,0,0,4.0,7,4,3,1,1,0,1,0,0,1,21,68,2.000,15.8,2.3,2.3,2.3,1.00
24,,Chris Davis,26,1,0,1.000,0.00,1,0,1,0,0,0,2.0,2,0,0,0,1,0,2,0,0,0,8,,1.500,9.0,0.0,4.5,9.0,2.00
25,,Dylan Bundy,19,0,0,,0.00,2,0,2,0,0,0,1.2,1,0,0,0,1,0,0,0,0,0,6,,1.200,5.4,0.0,5.4,0.0,0.00
26,,Jason Berken,28,0,0,,18.00,1,0,1,0,0,0,1.0,6,7,2,2,1,0,0,0,0,0,10,32,7.000,54.0,18.0,9.0,0.0,0.00
1,SP,James Shields,30,15,10,.600,3.52,33,33,0,3,2,0,227.2,208,103,89,25,58,2,223,11,1,7,944,109,1.168,8.2,1.0,2.3,8.8,3.84
2,SP,David Price*,26,20,5,.800,2.56,31,31,0,2,1,0,211.0,173,63,60,16,59,2,205,5,1,8,836,150,1.100,7.4,0.7,2.5,8.7,3.47
3,SP,Matt Moore*,23,11,11,.500,3.81,31,31,0,0,0,0,177.1,158,85,75,18,81,5,175,7,1,8,759,101,1.348,8.0,0.9,4.1,8.9,2.16
4,SP,Jeremy Hellickson,25,10,11,.476,3.10,31,31,0,0,0,0,177.0,163,68,61,25,59,3,124,4,0,5,741,124,1.254,8.3,1.3,3.0,6.3,2.10
5,SP,Alex Cobb,24,11,9,.550,4.03,23,23,0,2,1,0,136.1,130,67,61,11,40,2,106,9,1,8,569,96,1.247,8.6,0.7,2.6,7.0,2.65
6,CL,Fernando Rodney,35,2,2,.500,0.60,76,0,65,0,0,48,74.2,43,9,5,2,15,1,76,3,0,4,282,641,0.777,5.2,0.2,1.8,9.2,5.07
7,RP,Joel Peralta,36,2,6,.250,3.63,76,0,9,0,0,2,67.0,49,28,27,9,17,2,84,1,0,5,264,107,0.985,6.6,1.2,2.3,11.3,4.94
8,RP,Burke Badenhop,29,3,2,.600,3.03,66,0,14,0,0,0,62.1,63,24,21,6,12,5,42,1,0,1,262,128,1.203,9.1,0.9,1.7,6.1,3.50
9,RP,Jake McGee*,25,5,2,.714,1.95,69,0,13,0,0,0,55.1,33,13,12,3,11,4,73,1,0,3,212,198,0.795,5.4,0.5,1.8,11.9,6.64
10,RP,J.P. Howell*,29,1,0,1.000,3.04,55,0,10,0,0,0,50.1,39,17,17,7,22,2,42,4,0,1,203,127,1.212,7.0,1.3,3.9,7.5,1.91
11,,Wade Davis,26,3,0,1.000,2.43,54,0,15,0,0,0,70.1,48,20,19,5,29,2,87,0,0,2,284,159,1.095,6.1,0.6,3.7,11.1,3.00
12,,Jeff Niemann,29,2,3,.400,3.08,8,8,0,0,0,0,38.0,30,17,13,2,12,0,34,2,0,2,156,126,1.105,7.1,0.5,2.8,8.1,2.83
13,,Cesar Ramos*,28,1,0,1.000,2.10,17,1,9,0,0,0,30.0,19,7,7,2,10,0,29,2,0,0,120,185,0.967,5.7,0.6,3.0,8.7,2.90
14,,Chris Archer,23,1,3,.250,4.60,6,4,1,0,0,0,29.1,23,17,15,3,13,0,36,1,0,2,122,85,1.227,7.1,0.9,4.0,11.0,2.77
15,,Kyle Farnsworth,36,1,6,.143,4.00,34,0,8,0,0,0,27.0,22,13,12,1,14,2,25,1,0,2,120,97,1.333,7.3,0.3,4.7,8.3,1.79
16,,Brandon Gomes,27,2,2,.500,5.09,15,0,4,0,0,0,17.2,16,12,10,2,12,3,15,2,0,1,83,77,1.585,8.2,1.0,6.1,7.6,1.25
17,,Dane De La Rosa,29,0,0,,12.60,5,0,5,0,0,0,5.0,7,7,7,2,2,0,5,0,0,0,22,33,1.800,12.6,3.6,3.6,9.0,2.50
18,,Josh Lueke,27,0,0,,18.90,3,0,2,0,0,0,3.1,9,7,7,0,3,0,2,0,0,0,21,23,3.600,24.3,0.0,8.1,5.4,0.67
1,SP,Henderson Alvarez,22,9,14,.391,4.85,31,31,0,1,1,0,187.1,216,110,101,29,54,2,79,3,1,3,807,87,1.441,10.4,1.4,2.6,3.8,1.46
2,SP,Ricky Romero*,27,9,14,.391,5.77,32,32,0,1,0,0,181.0,198,122,116,21,105,1,124,10,0,8,829,73,1.674,9.8,1.0,5.2,6.2,1.18
3,SP,Brandon Morrow,27,10,7,.588,2.96,21,21,0,3,3,0,124.2,98,45,41,12,41,0,108,2,0,3,504,143,1.115,7.1,0.9,3.0,7.8,2.63
4,SP,Aaron Laffey*,27,4,6,.400,4.56,22,16,1,0,0,0,100.2,100,56,51,17,37,1,48,5,0,2,429,93,1.361,8.9,1.5,3.3,4.3,1.30
5,SP,Kyle Drabek,24,4,7,.364,4.67,13,13,0,0,0,0,71.1,67,41,37,10,47,0,47,1,0,7,317,91,1.598,8.5,1.3,5.9,5.9,1.00
6,SP,Drew Hutchison,21,5,3,.625,4.60,11,11,0,0,0,0,58.2,59,31,30,8,20,0,49,5,0,1,257,92,1.347,9.1,1.2,3.1,7.5,2.45
7,CL,Casey Janssen,30,1,1,.500,2.54,62,0,47,0,0,22,63.2,44,18,18,7,11,1,67,3,1,2,242,166,0.864,6.2,1.0,1.6,9.5,6.09
8,RP,Carlos Villanueva,28,7,7,.500,4.16,38,16,9,0,0,0,125.1,113,59,58,23,46,4,122,3,1,6,521,101,1.269,8.1,1.7,3.3,8.8,2.65
9,RP,Darren Oliver*,41,3,4,.429,2.06,62,0,11,0,0,2,56.2,43,13,13,3,15,0,52,4,0,3,221,205,1.024,6.8,0.5,2.4,8.3,3.47
10,RP,Jason Frasor,34,1,1,.500,4.12,50,0,9,0,0,0,43.2,42,20,20,6,22,1,53,2,1,5,191,103,1.466,8.7,1.2,4.5,10.9,2.41
11,RP,Francisco Cordero,37,3,5,.375,5.77,41,0,17,0,0,2,34.1,48,24,22,7,14,3,26,1,0,4,160,74,1.806,12.6,1.8,3.7,6.8,1.86
12,,Brett Cecil*,25,2,4,.333,5.72,21,9,2,0,0,0,61.1,70,40,39,11,23,0,51,3,0,0,270,74,1.516,10.3,1.6,3.4,7.5,2.22
13,,Luis Perez*,27,2,2,.500,3.43,35,0,6,0,0,0,42.0,38,16,16,3,16,0,39,3,0,0,175,124,1.286,8.1,0.6,3.4,8.4,2.44
14,,J.A. Happ*,29,3,2,.600,4.69,10,6,3,0,0,0,40.1,35,21,21,2,17,1,46,1,0,2,170,91,1.289,7.8,0.4,3.8,10.3,2.71
15,,Chad Jenkins,24,1,3,.250,4.50,13,3,6,0,0,0,32.0,32,16,16,5,11,1,16,1,0,0,136,95,1.344,9.0,1.4,3.1,4.5,1.45
16,,Aaron Loup*,24,0,2,.000,2.64,33,0,3,0,0,0,30.2,26,10,9,0,2,0,21,0,1,1,117,161,0.913,7.6,0.0,0.6,6.2,10.50
17,,Steve Delabar,28,2,2,.500,3.38,27,0,1,0,0,0,29.1,23,12,11,3,15,0,46,0,0,3,126,126,1.295,7.1,0.9,4.6,14.1,3.07
18,,Brad Lincoln,27,1,0,1.000,5.65,24,0,4,0,0,0,28.2,29,18,18,6,10,1,28,0,0,1,123,75,1.360,9.1,1.9,3.1,8.8,2.80
19,,Brandon Lyon,32,4,0,1.000,2.88,30,0,10,0,0,1,25.0,19,8,8,2,9,1,28,1,0,1,104,148,1.120,6.8,0.7,3.2,10.1,3.11
20,,Joel Carreno,25,0,2,.000,6.14,11,2,3,0,0,0,22.0,22,15,15,7,14,0,16,0,0,0,97,70,1.636,9.0,2.9,5.7,6.5,1.14
21,,Jesse Chavez,28,1,1,.500,8.44,9,2,2,0,0,0,21.1,25,22,20,6,10,1,27,2,0,0,102,51,1.641,10.5,2.5,4.2,11.4,2.70
22,,Chad Beck,27,0,0,,6.32,14,0,2,0,0,0,15.2,21,12,11,2,5,0,9,0,1,1,72,68,1.660,12.1,1.1,2.9,5.2,1.80
23,,Drew Carpenter,27,0,0,,5.00,6,0,4,0,0,0,9.0,7,5,5,4,6,0,9,0,0,1,40,88,1.444,7.0,4.0,6.0,9.0,1.50
24,,Evan Crawford*,25,0,0,,6.75,10,0,3,0,0,0,8.0,10,6,6,3,4,1,5,1,1,0,36,65,1.750,11.3,3.4,4.5,5.6,1.25
25,,Robert Coello,27,0,1,.000,12.79,6,0,1,0,0,0,6.1,10,9,9,2,4,0,11,1,0,0,33,35,2.211,14.2,2.8,5.7,15.6,2.75
26,,David Pauley,29,0,0,,9.95,5,0,3,0,0,0,6.1,11,7,7,1,2,0,2,2,0,0,33,45,2.053,15.6,1.4,2.8,2.8,1.00
27,,Sergio Santos,28,0,1,.000,9.00,6,0,4,0,0,2,5.0,6,5,5,1,4,0,4,0,0,1,24,50,2.000,10.8,1.8,7.2,7.2,1.00
28,,Scott Richmond,32,0,0,,6.00,3,0,2,0,0,0,3.0,5,2,2,1,0,0,2,0,0,1,15,79,1.667,15.0,3.0,0.0,6.0,
29,,Shawn Hill,31,1,0,1.000,0.00,1,0,0,0,0,0,3.0,0,0,0,0,2,0,0,0,0,0,11,,0.667,0.0,0.0,6.0,0.0,0.00
30,,David Carpenter,26,0,0,,30.38,3,0,1,0,0,0,2.2,8,10,9,1,2,1,4,1,0,0,20,16,3.750,27.0,3.4,6.8,13.5,2.00
31,,Jeff Mathis,29,0,0,,9.00,2,0,2,0,0,0,2.0,4,2,2,0,1,0,0,0,0,0,11,55,2.500,18.0,0.0,4.5,0.0,0.00
32,,Ryota Igarashi,33,0,0,,36.00,2,0,0,0,0,0,1.0,5,4,4,0,2,0,2,0,0,0,10,16,7.000,45.0,0.0,18.0,18.0,1.00
33,,Bobby Korecky,32,0,0,,18.00,1,0,1,0,0,0,1.0,1,2,2,1,1,0,0,0,0,0,5,32,2.000,9.0,9.0,9.0,0.0,0.00
34,,Sam Dyson,24,0,0,,40.50,2,0,0,0,0,0,0.2,4,3,3,0,2,0,1,0,0,0,8,16,9.000,54.0,0.0,27.0,13.5,0.50
1,SP,Jon Lester*,28,9,14,.391,4.82,33,33,0,3,0,0,205.1,216,117,110,25,68,2,166,4,0,6,876,89,1.383,9.5,1.1,3.0,7.3,2.44
2,SP,Clay Buchholz,27,11,8,.579,4.56,29,29,0,2,1,0,189.1,187,104,96,25,64,2,129,12,2,2,802,94,1.326,8.9,1.2,3.0,6.1,2.02
3,SP,Felix Doubront*,24,11,10,.524,4.86,29,29,0,0,0,0,161.0,162,95,87,24,71,0,167,5,0,5,709,88,1.447,9.1,1.3,4.0,9.3,2.35
4,SP,Josh Beckett,32,5,11,.313,5.23,21,21,0,0,0,0,127.1,131,75,74,16,38,2,94,5,0,4,547,82,1.327,9.3,1.1,2.7,6.6,2.47
5,SP,Aaron Cook,33,4,11,.267,5.65,18,18,0,1,1,0,94.0,117,68,59,15,21,1,20,1,0,2,411,76,1.468,11.2,1.4,2.0,1.9,0.95
6,SP,Daisuke Matsuzaka,31,1,7,.125,8.28,11,11,0,0,0,0,45.2,58,43,42,11,20,0,41,3,0,3,215,52,1.708,11.4,2.2,3.9,8.1,2.05
7,CL,Alfredo Aceves,29,2,10,.167,5.36,69,0,55,0,0,25,84.0,80,51,50,11,31,2,75,6,1,3,361,80,1.321,8.6,1.2,3.3,8.0,2.42
8,RP,Scott Atchison,36,2,1,.667,1.58,42,0,7,0,0,0,51.1,42,10,9,2,9,3,36,0,0,2,200,274,0.994,7.4,0.4,1.6,6.3,4.00
9,RP,Vicente Padilla,34,4,1,.800,4.50,56,0,10,0,0,1,50.0,59,26,25,7,15,3,51,3,0,0,218,96,1.480,10.6,1.3,2.7,9.2,3.40
10,RP,Mark Melancon,27,0,2,.000,6.20,41,0,17,0,0,1,45.0,45,31,31,8,12,1,41,3,0,2,194,70,1.267,9.0,1.6,2.4,8.2,3.42
11,RP,Andrew Miller*,27,3,2,.600,3.35,53,0,4,0,0,0,40.1,28,15,15,3,20,1,51,2,0,1,169,129,1.190,6.2,0.7,4.5,11.4,2.55
12,,Franklin Morales*,26,3,4,.429,3.77,37,9,5,0,0,1,76.1,64,38,32,11,30,3,76,6,5,3,325,114,1.231,7.5,1.3,3.5,9.0,2.53
13,,Daniel Bard,27,5,6,.455,6.22,17,10,2,0,0,0,59.1,60,42,41,9,43,1,38,8,2,1,277,69,1.736,9.1,1.4,6.5,5.8,0.88
14,,Junichi Tazawa,26,1,1,.500,1.43,37,0,13,0,0,1,44.0,37,7,7,1,5,0,45,2,0,0,172,302,0.955,7.6,0.2,1.0,9.2,9.00
15,,Clayton Mortensen,27,1,1,.500,3.21,26,0,8,0,0,0,42.0,32,15,15,7,19,2,41,1,0,3,173,135,1.214,6.9,1.5,4.1,8.8,2.16
16,,Matt Albers,29,2,0,1.000,2.29,40,0,8,0,0,0,39.1,30,14,10,6,15,3,25,1,0,0,157,189,1.144,6.9,1.4,3.4,5.7,1.67
17,,Craig Breslow*,31,1,0,1.000,2.70,23,0,4,0,0,0,20.0,14,7,6,0,9,2,19,1,0,1,81,162,1.150,6.3,0.0,4.1,8.6,2.11
18,,Rich Hill*,32,1,0,1.000,1.83,25,0,3,0,0,0,19.2,17,4,4,0,11,1,21,0,0,0,83,239,1.424,7.8,0.0,5.0,9.6,1.91
19,,Andrew Bailey,28,1,1,.500,7.04,19,0,13,0,0,6,15.1,21,12,12,2,8,2,14,0,1,0,74,62,1.891,12.3,1.2,4.7,8.2,1.75
20,,Pedro Beato,25,1,0,1.000,4.70,4,0,0,0,0,0,7.2,6,4,4,0,3,0,7,1,0,0,31,96,1.174,7.0,0.0,3.5,8.2,2.33
21,,Chris Carpenter,26,1,0,1.000,9.00,8,0,3,0,0,0,6.0,7,6,6,1,10,2,2,0,0,2,34,51,2.833,10.5,1.5,15.0,3.0,0.20
22,,Zach Stewart,25,0,2,.000,22.24,2,2,0,0,0,0,5.2,17,14,14,4,0,0,3,1,0,0,34,21,3.000,27.0,6.4,0.0,4.8,
23,,Justin Germano,29,0,0,,0.00,1,0,1,0,0,0,5.2,5,0,0,0,2,0,7,0,0,1,24,,1.235,7.9,0.0,3.2,11.1,3.50
24,,Justin Thomas*,28,0,0,,7.71,7,0,0,0,0,0,4.2,10,4,4,0,2,0,4,1,0,1,25,60,2.571,19.3,0.0,3.9,7.7,2.00
25,,Michael Bowden,25,0,0,,3.00,2,0,2,0,0,0,3.0,2,1,1,1,1,0,3,0,0,0,11,160,1.000,6.0,3.0,3.0,9.0,3.00
26,,Darnell McDonald,33,0,1,.000,27.00,1,0,1,0,0,0,1.0,2,3,3,1,2,0,0,0,0,0,6,22,4.000,18.0,9.0,18.0,0.0,0.00
1,SP,Justin Verlander,29,17,8,.680,2.64,33,33,0,6,1,0,238.1,192,81,70,19,60,2,239,5,1,2,956,161,1.057,7.3,0.7,2.3,9.0,3.98
2,SP,Max Scherzer,27,16,7,.696,3.74,32,32,0,0,0,0,187.2,179,82,78,23,60,2,231,5,1,2,787,114,1.274,8.6,1.1,2.9,11.1,3.85
3,SP,Rick Porcello,23,10,12,.455,4.59,31,31,0,0,0,0,176.1,226,101,90,16,44,3,107,6,0,6,783,93,1.531,11.5,0.8,2.2,5.5,2.43
4,SP,Doug Fister,28,10,10,.500,3.45,26,26,0,2,1,0,161.2,156,73,62,15,37,1,137,7,0,1,673,123,1.194,8.7,0.8,2.1,7.6,3.70
5,SP,Drew Smyly*,23,4,3,.571,3.99,23,18,0,0,0,0,99.1,93,49,44,12,33,1,94,2,0,3,416,107,1.268,8.4,1.1,3.0,8.5,2.85
6,SP,Anibal Sanchez,28,4,6,.400,3.74,12,12,0,1,1,0,74.2,81,36,31,8,15,1,57,3,0,3,316,114,1.286,9.8,1.0,1.8,6.9,3.80
7,CL,Jose Valverde,34,3,4,.429,3.78,71,0,67,0,0,35,69.0,59,34,29,3,27,5,48,4,0,1,294,113,1.246,7.7,0.4,3.5,6.3,1.78
8,RP,Joaquin Benoit,34,5,3,.625,3.68,73,0,18,0,0,2,71.0,59,31,29,14,22,2,84,1,0,2,288,116,1.141,7.5,1.8,2.8,10.6,3.82
9,RP,Octavio Dotel,38,5,3,.625,3.57,57,0,15,0,0,1,58.0,50,23,23,3,12,4,62,1,0,2,234,120,1.069,7.8,0.5,1.9,9.6,5.17
10,RP,Brayan Villarreal,25,3,5,.375,2.63,50,0,15,0,0,0,54.2,38,20,16,3,28,3,66,1,2,9,226,162,1.207,6.3,0.5,4.6,10.9,2.36
11,RP,Phil Coke*,29,2,3,.400,4.00,66,0,11,0,0,1,54.0,71,28,24,5,18,4,51,1,0,3,245,107,1.648,11.8,0.8,3.0,8.5,2.83
12,,Duane Below*,26,2,1,.667,3.88,27,1,7,0,0,0,46.1,49,25,20,6,8,0,29,1,1,1,189,110,1.230,9.5,1.2,1.6,5.6,3.63
13,,Luis Marte,25,1,0,1.000,2.82,13,0,4,0,0,0,22.1,19,7,7,4,9,0,19,1,0,1,93,153,1.254,7.7,1.6,3.6,7.7,2.11
14,,Darin Downs*,27,2,1,.667,3.48,18,0,5,0,0,0,20.2,18,8,8,1,9,2,20,1,0,1,86,124,1.306,7.8,0.4,3.9,8.7,2.22
15,,Collin Balester,26,2,0,1.000,6.50,11,0,2,0,0,0,18.0,14,14,13,5,11,1,12,3,0,4,83,67,1.389,7.0,2.5,5.5,6.0,1.09
16,,Luke Putkonen,26,0,2,.000,3.94,12,0,6,0,0,1,16.0,19,7,7,0,8,1,10,0,0,2,72,110,1.688,10.7,0.0,4.5,5.6,1.25
17,,Al Alburquerque,26,0,0,,0.68,8,0,0,0,0,0,13.1,6,1,1,0,8,0,18,0,1,0,53,647,1.050,4.1,0.0,5.4,12.2,2.25
18,,Casey Crosby*,23,1,1,.500,9.49,3,3,0,0,0,0,12.1,15,13,13,2,11,0,9,0,0,1,59,46,2.108,10.9,1.5,8.0,6.6,0.82
19,,Jacob Turner,21,1,1,.500,8.03,3,3,0,0,0,0,12.1,17,11,11,4,7,1,7,0,0,1,61,55,1.946,12.4,2.9,5.1,5.1,1.00
20,,Adam Wilk*,24,0,3,.000,8.18,3,3,0,0,0,0,11.0,21,11,10,4,3,0,7,0,0,0,55,54,2.182,17.2,3.3,2.5,5.7,2.33
21,,Daniel Schlereth*,26,0,0,,10.29,6,0,2,0,0,0,7.0,14,10,8,3,5,2,6,0,0,1,39,43,2.714,18.0,3.9,6.4,7.7,1.20
22,,Thad Weber,27,0,1,.000,9.00,2,0,1,0,0,0,4.0,10,4,4,0,2,0,1,0,0,0,24,51,3.000,22.5,0.0,4.5,2.3,0.50
23,,Jose Ortega,23,0,0,,3.38,2,0,0,0,0,0,2.2,3,1,1,1,1,0,4,0,0,0,13,143,1.500,10.1,3.4,3.4,13.5,4.00
1,SP,Jake Peavy,31,11,12,.478,3.37,32,32,0,4,1,0,219.0,191,88,82,27,49,1,194,10,2,3,882,129,1.096,7.8,1.1,2.0,8.0,3.96
2,SP,Chris Sale*,23,17,8,.680,3.05,30,29,0,1,0,0,192.0,167,66,65,19,51,5,192,6,0,6,772,142,1.135,7.8,0.9,2.4,9.0,3.76
3,SP,Gavin Floyd,29,12,11,.522,4.29,29,29,0,0,0,0,168.0,166,84,80,22,63,2,144,14,0,8,724,101,1.363,8.9,1.2,3.4,7.7,2.29
4,SP,Jose Quintana*,23,6,6,.500,3.76,25,22,2,0,0,0,136.1,142,62,57,14,42,4,81,3,2,10,568,115,1.350,9.4,0.9,2.8,5.3,1.93
5,SP,Philip Humber,29,5,5,.500,6.44,26,16,6,1,1,0,102.0,113,74,73,23,44,1,85,4,0,9,462,68,1.539,10.0,2.0,3.9,7.5,1.93
6,SP,Francisco Liriano*,28,3,2,.600,5.40,12,11,0,0,0,0,56.2,54,34,34,7,32,1,58,3,0,5,253,81,1.518,8.6,1.1,5.1,9.2,1.81
7,CL,Addison Reed,23,3,2,.600,4.75,62,0,44,0,0,29,55.0,57,30,29,6,18,3,54,2,1,0,238,92,1.364,9.3,1.0,2.9,8.8,3.00
8,RP,Nate Jones,26,8,0,1.000,2.39,65,0,11,0,0,0,71.2,67,19,19,4,32,3,65,1,0,5,301,182,1.381,8.4,0.5,4.0,8.2,2.03
9,RP,Hector Santiago*,24,4,1,.800,3.33,42,4,19,0,0,4,70.1,54,26,26,10,40,1,79,7,2,5,306,131,1.336,6.9,1.3,5.1,10.1,1.98
10,RP,Matt Thornton*,35,4,10,.286,3.46,74,0,18,0,0,3,65.0,63,27,25,4,17,4,53,3,0,2,266,126,1.231,8.7,0.6,2.4,7.3,3.12
11,RP,Jesse Crain,30,2,3,.400,2.44,51,0,6,0,0,0,48.0,29,14,13,5,23,1,60,1,0,4,194,179,1.083,5.4,0.9,4.3,11.3,2.61
12,,John Danks*,27,3,4,.429,5.70,9,9,0,0,0,0,53.2,57,35,34,7,23,0,30,1,0,5,238,76,1.491,9.6,1.2,3.9,5.0,1.30
13,,Dylan Axelrod,26,2,2,.500,5.47,14,7,4,0,0,0,51.0,56,32,31,8,21,0,40,4,0,1,231,80,1.510,9.9,1.4,3.7,7.1,1.90
14,,Brett Myers,31,3,4,.429,3.12,35,0,12,0,0,0,34.2,30,13,12,4,9,1,21,1,0,1,138,140,1.125,7.8,1.0,2.3,5.5,2.33
15,,Zach Stewart,25,1,2,.333,6.00,18,1,8,0,0,0,30.0,41,26,20,10,4,0,16,0,1,0,134,73,1.500,12.3,3.0,1.2,4.8,4.00
16,,Will Ohman*,34,0,2,.000,6.41,32,0,9,0,0,0,26.2,23,19,19,6,5,0,13,6,1,0,112,68,1.050,7.8,2.0,1.7,4.4,2.60
17,,Brian Omogrosso,28,0,0,,2.57,17,0,1,0,0,0,21.0,20,6,6,3,9,0,18,0,0,0,90,171,1.381,8.6,1.3,3.9,7.7,2.00
18,,Leyson Septimo*,26,0,2,.000,5.02,21,0,5,0,0,0,14.1,8,8,8,3,6,1,14,1,0,2,58,88,0.977,5.0,1.9,3.8,8.8,2.33
19,,Donnie Veal*,27,0,0,,1.38,24,0,5,0,0,1,13.0,5,2,2,0,4,0,19,0,0,0,49,321,0.692,3.5,0.0,2.8,13.2,4.75
20,,Eric Stults*,32,0,0,,2.70,2,1,1,0,0,0,6.2,6,2,2,0,4,0,4,1,0,0,30,169,1.500,8.1,0.0,5.4,5.4,1.00
21,,Pedro Hernandez*,23,0,1,.000,18.00,1,1,0,0,0,0,4.0,12,8,8,3,1,0,2,0,0,0,25,26,3.250,27.0,6.8,2.3,4.5,2.00
22,,Jhan Marinez,23,0,0,,0.00,2,0,1,0,0,0,2.2,2,0,0,0,2,1,1,0,0,0,11,,1.500,6.8,0.0,6.8,3.4,0.50
23,,Deunte Heath,26,0,0,,4.50,3,0,2,0,0,0,2.0,1,1,1,1,1,0,1,0,0,0,7,113,1.000,4.5,4.5,4.5,4.5,1.00
24,,Dewayne Wise*,34,0,0,,0.00,1,0,1,0,0,0,1.0,1,0,0,0,1,0,0,0,0,0,4,,2.000,9.0,0.0,9.0,0.0,0.00
25,,Brian Bruney,30,1,0,1.000,0.00,1,0,1,0,0,0,1.0,0,0,0,0,2,0,2,0,0,0,5,,2.000,0.0,0.0,18.0,18.0,1.00
1,SP,Bruce Chen*,35,11,14,.440,5.07,34,34,0,0,0,0,191.2,215,114,108,33,47,3,140,8,0,5,827,82,1.367,10.1,1.5,2.2,6.6,2.98
2,SP,Luke Hochevar,28,8,16,.333,5.73,32,32,0,2,1,0,185.1,202,127,118,27,61,3,144,13,0,8,800,73,1.419,9.8,1.3,3.0,7.0,2.36
3,SP,Luis Mendoza,28,8,10,.444,4.23,30,25,0,0,0,0,166.0,176,84,78,15,59,3,104,11,2,6,709,99,1.416,9.5,0.8,3.2,5.6,1.76
4,SP,Jeremy Guthrie,33,5,3,.625,3.16,14,14,0,0,0,0,91.0,84,37,32,9,19,0,56,2,1,1,366,132,1.132,8.3,0.9,1.9,5.5,2.95
5,SP,Will Smith*,22,6,9,.400,5.32,16,16,0,0,0,0,89.2,111,54,53,12,33,1,59,1,0,4,396,79,1.606,11.1,1.2,3.3,5.9,1.79
6,SP,Jonathan Sanchez*,29,1,6,.143,7.76,12,12,0,0,0,0,53.1,65,47,46,8,44,1,36,5,1,4,270,54,2.044,11.0,1.4,7.4,6.1,0.82
7,CL,Jonathan Broxton,28,1,2,.333,2.27,35,0,32,0,0,23,35.2,36,11,9,1,14,0,25,2,0,0,151,185,1.402,9.1,0.3,3.5,6.3,1.79
8,RP,Kelvin Herrera,22,4,3,.571,2.35,76,0,10,0,0,3,84.1,79,24,22,4,21,6,77,2,1,3,344,178,1.186,8.4,0.4,2.2,8.2,3.67
9,RP,Tim Collins*,22,5,4,.556,3.36,72,0,9,0,0,0,69.2,55,29,26,8,34,8,93,2,0,3,295,125,1.278,7.1,1.0,4.4,12.0,2.74
10,RP,Greg Holland,26,7,4,.636,2.96,67,0,36,0,0,16,67.0,58,22,22,2,34,7,91,0,1,3,289,142,1.373,7.8,0.3,4.6,12.2,2.68
11,RP,Aaron Crow,25,3,1,.750,3.48,73,0,20,0,0,2,64.2,54,27,25,4,22,2,65,1,0,4,260,121,1.175,7.5,0.6,3.1,9.0,2.95
12,,Everett Teaford*,28,1,4,.200,4.99,18,5,3,0,0,0,61.1,68,34,34,11,21,0,35,2,1,2,263,84,1.451,10.0,1.6,3.1,5.1,1.67
13,,Louis Coleman,26,0,0,,3.71,42,0,18,0,0,0,51.0,41,23,21,10,26,3,65,1,0,1,217,113,1.314,7.2,1.8,4.6,11.5,2.50
14,,Vin Mazzaro,25,4,3,.571,5.73,18,6,4,0,0,0,44.0,55,29,28,3,19,2,26,3,0,1,198,73,1.682,11.3,0.6,3.9,5.3,1.37
15,,Jose Mijares*,27,2,2,.500,2.56,51,0,8,0,0,0,38.2,36,13,11,3,13,1,37,4,0,1,168,164,1.267,8.4,0.7,3.0,8.6,2.85
16,,Felipe Paulino,28,3,1,.750,1.67,7,7,0,0,0,0,37.2,31,8,7,3,15,0,39,0,0,1,156,252,1.221,7.4,0.7,3.6,9.3,2.60
17,,Nathan Adcock,24,0,3,.000,2.34,12,2,3,0,0,0,34.2,37,13,9,4,13,2,22,1,0,0,148,180,1.442,9.6,1.0,3.4,5.7,1.69
18,,Danny Duffy*,23,2,2,.500,3.90,6,6,0,0,0,0,27.2,26,13,12,2,18,1,28,0,1,0,121,108,1.590,8.5,0.7,5.9,9.1,1.56
19,,Francisley Bueno*,31,1,1,.500,1.56,18,0,6,0,0,0,17.1,16,4,3,0,2,1,7,1,0,0,69,273,1.038,8.3,0.0,1.0,3.6,3.50
20,,Jeremy Jeffress,24,0,0,,6.75,13,0,6,0,0,0,13.1,19,14,10,0,13,0,13,0,0,1,73,63,2.400,12.8,0.0,8.8,8.8,1.00
21,,Tommy Hottovy*,30,0,0,,2.89,9,0,4,0,0,0,9.1,11,3,3,2,5,0,6,1,0,0,42,150,1.714,10.6,1.9,4.8,5.8,1.20
22,,Roman Colon,32,0,0,,6.75,3,0,0,0,0,0,8.0,12,6,6,0,3,0,3,0,0,1,37,65,1.875,13.5,0.0,3.4,3.4,1.00
23,,Jake Odorizzi,22,0,1,.000,4.91,2,2,0,0,0,0,7.1,8,4,4,1,4,0,4,0,0,0,34,89,1.636,9.8,1.2,4.9,4.9,1.00
24,,Ryan Verdugo*,25,0,1,.000,32.40,1,1,0,0,0,0,1.2,8,6,6,1,2,0,2,0,0,0,15,16,6.000,43.2,5.4,10.8,10.8,1.00
25,,Mitch Maier,30,0,0,,0.00,1,0,1,0,0,0,1.0,1,0,0,0,0,0,0,0,0,0,3,,1.000,9.0,0.0,0.0,0.0
1,SP,Justin Masterson,27,11,15,.423,4.93,34,34,0,1,0,0,206.1,212,122,113,18,88,1,159,13,0,14,906,79,1.454,9.2,0.8,3.8,6.9,1.81
2,SP,Ubaldo Jimenez,28,9,17,.346,5.40,31,31,0,0,0,0,176.2,190,116,106,25,95,3,143,8,1,16,805,72,1.613,9.7,1.3,4.8,7.3,1.51
3,SP,Zach McAllister,24,6,8,.429,4.24,22,22,0,0,0,0,125.1,133,78,59,19,38,0,110,1,2,0,543,92,1.364,9.6,1.4,2.7,7.9,2.89
4,SP,Derek Lowe,39,8,10,.444,5.52,21,21,0,1,1,0,119.0,156,79,73,8,45,3,41,3,1,5,542,71,1.689,11.8,0.6,3.4,3.1,0.91
5,SP,Josh Tomlin,27,5,8,.385,6.36,21,16,0,0,0,0,103.1,126,74,73,18,25,3,56,3,0,4,452,61,1.461,11.0,1.6,2.2,4.9,2.24
6,SP,Jeanmar Gomez,24,5,8,.385,5.96,20,17,1,0,0,0,90.2,95,66,60,15,34,5,47,4,0,2,395,65,1.423,9.4,1.5,3.4,4.7,1.38
7,CL,Chris Perez,26,0,4,.000,3.59,61,0,53,0,0,39,57.2,49,25,23,6,16,1,59,2,0,0,242,109,1.127,7.6,0.9,2.5,9.2,3.69
8,RP,Vinnie Pestano,27,3,3,.500,2.57,70,0,13,0,0,2,70.0,53,20,20,7,24,1,76,4,0,1,286,152,1.100,6.8,0.9,3.1,9.8,3.17
9,RP,Joe Smith,28,7,4,.636,2.96,72,0,12,0,0,0,67.0,53,27,22,4,25,4,53,2,1,1,278,132,1.164,7.1,0.5,3.4,7.1,2.12
10,RP,Tony Sipp*,28,1,2,.333,4.42,63,0,7,0,0,1,55.0,47,29,27,9,23,1,51,1,0,3,233,89,1.273,7.7,1.5,3.8,8.3,2.22
11,RP,Esmil Rogers,26,3,1,.750,3.06,44,0,13,0,0,0,53.0,47,19,18,5,12,2,54,3,0,5,217,128,1.113,8.0,0.8,2.0,9.2,4.50
12,,Corey Kluber,26,2,5,.286,5.14,12,12,0,0,0,0,63.0,76,44,36,9,18,0,54,4,0,2,281,76,1.492,10.9,1.3,2.6,7.7,3.00
13,,Jeremy Accardo,30,0,0,,4.58,26,0,13,0,0,0,35.1,38,19,18,3,16,1,28,0,0,2,152,86,1.528,9.7,0.8,4.1,7.1,1.75
14,,Chris Seddon*,28,1,1,.500,3.67,17,2,3,0,0,0,34.1,35,15,14,2,13,1,18,0,0,1,147,107,1.398,9.2,0.5,3.4,4.7,1.38
15,,Cody Allen,23,0,1,.000,3.72,27,0,9,0,0,0,29.0,29,12,12,2,15,0,27,0,0,0,126,106,1.517,9.0,0.6,4.7,8.4,1.80
16,,David Huff*,27,3,1,.750,3.38,6,4,0,0,0,0,26.2,30,14,10,5,5,0,19,1,0,0,114,117,1.313,10.1,1.7,1.7,6.4,3.80
17,,Jairo Asencio,29,1,1,.500,5.96,18,0,9,0,0,0,25.2,27,17,17,4,8,0,21,1,0,3,108,66,1.364,9.5,1.4,2.8,7.4,2.63
18,,Nick Hagadone*,26,1,0,1.000,6.39,27,0,10,0,0,1,25.1,26,18,18,4,15,0,26,0,0,2,116,62,1.618,9.2,1.4,5.3,9.2,1.73
19,,Frank Herrmann,28,0,0,,2.33,15,0,7,0,0,0,19.1,12,5,5,1,4,0,14,0,0,0,71,170,0.828,5.6,0.5,1.9,6.5,3.50
20,,Scott Barnes*,24,0,0,,4.26,16,0,3,0,0,0,19.0,17,9,9,1,7,0,16,3,0,2,82,93,1.263,8.1,0.5,3.3,7.6,2.29
21,,Roberto Hernandez,31,0,3,.000,7.53,3,3,0,0,0,0,14.1,17,15,12,4,3,0,2,1,0,1,62,53,1.395,10.7,2.5,1.9,1.3,0.67
22,,Dan Wheeler,34,0,0,,8.76,12,0,2,0,0,0,12.1,17,12,12,3,7,0,2,0,0,2,61,46,1.946,12.4,2.2,5.1,1.5,0.29
23,,Rafael Perez*,30,1,0,1.000,3.52,8,0,1,0,0,0,7.2,5,3,3,1,4,1,4,0,1,0,31,116,1.174,5.9,1.2,4.7,4.7,1.00
24,,Scott Maine*,27,1,2,.333,10.50,9,0,4,0,0,0,6.0,13,7,7,1,3,0,6,1,0,1,33,39,2.667,19.5,1.5,4.5,9.0,2.00
1,SP,Scott Diamond*,25,12,9,.571,3.54,27,27,0,1,1,0,173.0,184,76,68,17,31,2,90,4,0,10,714,115,1.243,9.6,0.9,1.6,4.7,2.90
2,SP,Francisco Liriano*,28,3,10,.231,5.31,22,17,2,0,0,0,100.0,89,63,59,12,55,4,109,4,1,6,440,76,1.440,8.0,1.1,5.0,9.8,1.98
3,SP,Nick Blackburn,30,4,9,.308,7.39,19,19,0,0,0,0,98.2,143,81,81,23,26,0,42,1,0,2,456,55,1.713,13.0,2.1,2.4,3.8,1.62
4,SP,Cole De Vries,27,5,5,.500,4.11,17,16,1,0,0,0,87.2,88,48,40,16,18,0,58,4,0,1,375,99,1.209,9.0,1.6,1.8,6.0,3.22
5,SP,Liam Hendriks,23,1,8,.111,5.59,16,16,0,1,0,0,85.1,106,61,53,17,26,3,50,4,0,4,381,73,1.547,11.2,1.8,2.7,5.3,1.92
6,SP,Sam Deduno,28,6,5,.545,4.44,15,15,0,0,0,0,79.0,69,40,39,10,53,0,57,5,0,5,347,92,1.544,7.9,1.1,6.0,6.5,1.08
7,CL,Glen Perkins*,29,3,1,.750,2.56,70,0,43,0,0,16,70.1,57,25,20,8,16,3,78,3,0,3,281,159,1.038,7.3,1.0,2.0,10.0,4.88
8,RP,Brian Duensing*,29,4,12,.250,5.12,55,11,8,0,0,0,109.0,126,71,62,10,27,3,69,2,0,5,472,79,1.404,10.4,0.8,2.2,5.7,2.56
9,RP,Alex Burnett,24,4,4,.500,3.52,67,0,18,0,0,0,71.2,71,33,28,4,26,5,36,3,0,6,309,116,1.353,8.9,0.5,3.3,4.5,1.38
10,RP,Jared Burton,31,3,2,.600,2.18,64,0,12,0,0,5,62.0,41,21,15,5,16,1,55,5,0,0,245,187,0.919,6.0,0.7,2.3,8.0,3.44
11,RP,Jeff Gray,30,6,1,.857,5.71,49,0,11,0,0,0,52.0,58,34,33,9,22,0,26,4,1,5,236,71,1.538,10.0,1.6,3.8,4.5,1.18
12,,Anthony Swarzak,26,3,6,.333,5.03,44,5,9,0,0,0,96.2,106,57,54,15,31,8,62,0,0,3,413,81,1.417,9.9,1.4,2.9,5.8,2.00
13,,Carl Pavano,36,2,5,.286,6.00,11,11,0,0,0,0,63.0,80,46,42,9,8,2,33,2,0,0,268,68,1.397,11.4,1.3,1.1,4.7,4.13
14,,P.J. Walters,27,2,5,.286,5.69,12,12,0,1,0,0,61.2,71,41,39,12,22,1,42,3,0,1,271,72,1.508,10.4,1.8,3.2,6.1,1.91
15,,Casey Fien,28,2,1,.667,2.06,35,0,7,0,0,0,35.0,25,9,8,3,9,4,32,1,0,0,141,199,0.971,6.4,0.8,2.3,8.2,3.56
16,,Jason Marquis,33,2,4,.333,8.47,7,7,0,0,0,0,34.0,52,33,32,9,14,0,12,3,0,1,160,48,1.941,13.8,2.4,3.7,3.2,0.86
17,,Esmerling Vasquez,28,0,2,.000,5.68,6,6,0,0,0,0,31.2,32,20,20,2,19,0,14,1,0,1,141,72,1.611,9.1,0.6,5.4,4.0,0.74
18,,Matt Capps,28,1,4,.200,3.68,30,0,29,0,0,14,29.1,28,13,12,5,4,1,18,0,0,3,120,111,1.091,8.6,1.5,1.2,5.5,4.50
19,,Tyler Robertson*,24,2,2,.500,5.40,40,0,2,0,0,0,25.0,21,16,15,4,14,3,26,1,0,1,111,76,1.400,7.6,1.4,5.0,9.4,1.86
20,,Jeff Manship,27,0,0,,7.89,12,0,2,0,0,0,21.2,29,19,19,4,7,1,12,1,0,0,98,52,1.662,12.0,1.7,2.9,5.0,1.71
21,,Kyle Waldrop,26,0,1,.000,2.53,17,0,3,0,0,0,21.1,27,6,6,2,6,1,7,3,0,1,94,163,1.547,11.4,0.8,2.5,3.0,1.17
22,,Luis Perdomo,28,0,0,,3.18,15,0,9,0,0,0,17.0,15,8,6,0,12,1,8,2,0,1,78,130,1.588,7.9,0.0,6.4,4.2,0.67
23,,Matt Maloney*,28,1,0,1.000,8.18,9,0,2,0,0,0,11.0,17,10,10,2,1,0,5,1,0,0,52,51,1.636,13.9,1.6,0.8,4.1,5.00
24,,Lester Oliveros,24,0,0,,5.40,1,0,0,0,0,0,1.2,1,1,1,0,1,0,1,0,0,0,7,92,1.200,5.4,0.0,5.4,5.4,1.00
25,,Drew Butera,28,0,0,,0.00,1,0,1,0,0,0,1.0,0,0,0,0,1,0,1,0,0,1,4,,1.000,0.0,0.0,9.0,9.0,1.00
1,SP,Tommy Milone*,25,13,10,.565,3.74,31,31,0,1,0,0,190.0,207,90,79,24,36,2,137,4,0,2,791,105,1.279,9.8,1.1,1.7,6.5,3.81
2,SP,Jarrod Parker,23,13,8,.619,3.47,29,29,0,0,0,0,181.1,166,71,70,11,63,3,140,3,0,10,751,113,1.263,8.2,0.5,3.1,6.9,2.22
3,SP,Bartolo Colon,39,10,9,.526,3.43,24,24,0,0,0,0,152.1,161,62,58,17,23,3,91,1,0,0,636,115,1.208,9.5,1.0,1.4,5.4,3.96
4,SP,Brandon McCarthy,28,8,6,.571,3.24,18,18,0,0,0,0,111.0,115,44,40,10,24,2,73,6,0,0,469,121,1.252,9.3,0.8,1.9,5.9,3.04
5,SP,Travis Blackley*,29,6,4,.600,3.86,24,15,5,0,0,0,102.2,91,47,44,10,30,1,69,3,3,6,419,102,1.179,8.0,0.9,2.6,6.0,2.30
6,SP,A.J. Griffin,24,7,1,.875,3.06,15,15,0,0,0,0,82.1,74,29,28,10,19,0,64,1,0,0,336,129,1.130,8.1,1.1,2.1,7.0,3.37
7,CL,Grant Balfour,34,3,2,.600,2.53,75,0,34,0,0,24,74.2,41,21,21,4,28,2,72,1,0,2,289,156,0.924,4.9,0.5,3.4,8.7,2.57
8,RP,Ryan Cook,25,6,2,.750,2.09,71,0,23,0,0,14,73.1,42,18,17,4,27,4,80,4,0,4,288,189,0.941,5.2,0.5,3.3,9.8,2.96
9,RP,Jerry Blevins*,28,5,1,.833,2.48,63,0,17,0,0,1,65.1,45,20,18,7,25,5,54,5,0,2,261,159,1.071,6.2,1.0,3.4,7.4,2.16
10,RP,Jordan Norberto*,25,4,1,.800,2.77,39,0,8,0,0,1,52.0,37,17,16,5,22,2,46,1,1,1,212,143,1.135,6.4,0.9,3.8,8.0,2.09
11,RP,Sean Doolittle*,25,2,1,.667,3.04,44,0,7,0,0,1,47.1,40,18,16,3,11,1,60,0,0,0,191,130,1.077,7.6,0.6,2.1,11.4,5.45
12,,Tyson Ross,25,2,11,.154,6.50,18,13,3,0,0,0,73.1,96,56,53,7,37,3,46,5,1,2,342,61,1.814,11.8,0.9,4.5,5.6,1.24
13,,Jim Miller,30,2,1,.667,2.59,33,0,18,0,0,0,48.2,39,15,14,6,27,2,44,3,0,1,211,153,1.356,7.2,1.1,5.0,8.1,1.63
14,,Dan Straily,23,2,1,.667,3.89,7,7,0,0,0,0,39.1,36,19,17,11,16,1,32,2,0,0,172,102,1.322,8.2,2.5,3.7,7.3,2.00
15,,Evan Scribner,26,2,0,1.000,2.55,30,0,13,0,0,1,35.1,30,11,10,2,12,0,30,0,0,1,148,156,1.189,7.6,0.5,3.1,7.6,2.50
16,,Brett Anderson*,24,4,2,.667,2.57,6,6,0,0,0,0,35.0,29,11,10,1,7,1,25,1,0,1,137,154,1.029,7.5,0.3,1.8,6.4,3.57
17,,Brian Fuentes*,36,2,2,.500,6.84,26,0,12,0,0,5,25.0,30,19,19,5,10,0,18,1,0,2,116,58,1.600,10.8,1.8,3.6,6.5,1.80
18,,Pedro Figueroa*,26,0,0,,3.32,19,0,6,0,0,0,21.2,16,9,8,2,15,1,14,0,0,2,89,120,1.431,6.6,0.8,6.2,5.8,0.93
19,,Graham Godfrey,27,0,4,.000,6.43,5,4,1,0,0,0,21.0,26,18,15,4,10,0,10,3,0,0,98,62,1.714,11.1,1.7,4.3,4.3,1.00
20,,Pat Neshek,31,2,1,.667,1.37,24,0,5,0,0,0,19.2,10,3,3,3,6,1,16,1,0,1,77,291,0.814,4.6,1.4,2.7,7.3,2.67
21,,Andrew Carignan,25,1,1,.500,4.66,11,0,5,0,0,0,9.2,8,5,5,0,10,0,8,0,0,1,44,88,1.862,7.4,0.0,9.3,7.4,0.80
22,,Jesse Chavez,28,0,0,,18.90,4,0,1,0,0,0,3.1,9,7,7,1,1,0,3,1,0,1,21,23,3.000,24.3,2.7,2.7,8.1,3.00
23,,Fautino De Los Santos,26,0,0,,3.00,6,0,2,0,0,0,3.0,7,2,1,0,3,0,3,0,0,1,20,148,3.333,21.0,0.0,9.0,9.0,1.00
24,,Jeremy Accardo,30,0,0,,9.00,1,0,0,0,0,0,2.0,4,2,2,0,0,0,1,0,0,0,10,52,2.000,18.0,0.0,0.0,4.5,
25,,Rich Thompson,27,0,0,,0.00,1,0,1,0,0,0,0.2,1,0,0,0,0,0,0,0,0,0,3,,1.500,13.5,0.0,0.0,0.0
1,SP,Matt Harrison*,26,18,11,.621,3.29,32,32,0,4,2,0,213.1,210,82,78,22,59,0,133,1,0,2,876,138,1.261,8.9,0.9,2.5,5.6,2.25
2,SP,Yu Darvish,25,16,9,.640,3.90,29,29,0,0,0,0,191.1,156,89,83,14,89,1,221,10,0,8,816,116,1.280,7.3,0.7,4.2,10.4,2.48
3,SP,Derek Holland*,25,12,7,.632,4.67,29,27,1,0,0,0,175.1,162,100,91,32,52,0,145,3,0,1,730,97,1.221,8.3,1.6,2.7,7.4,2.79
4,SP,Scott Feldman,29,6,11,.353,5.09,29,21,5,0,0,0,123.2,139,79,70,14,32,2,96,1,1,2,536,89,1.383,10.1,1.0,2.3,7.0,3.00
5,SP,Colby Lewis,32,6,6,.500,3.43,16,16,0,2,0,0,105.0,99,48,40,16,14,0,93,6,0,2,427,133,1.076,8.5,1.4,1.2,8.0,6.64
6,SP,Ryan Dempster,35,7,3,.700,5.09,12,12,0,0,0,0,69.0,74,43,39,10,25,0,70,1,0,2,300,90,1.435,9.7,1.3,3.3,9.1,2.80
7,CL,Joe Nathan,37,3,5,.375,2.80,66,0,62,0,0,37,64.1,55,23,20,7,13,1,78,2,0,5,257,163,1.057,7.7,1.0,1.8,10.9,6.00
8,RP,Alexi Ogando,28,2,0,1.000,3.27,58,1,11,0,0,3,66.0,49,26,24,9,17,1,66,2,0,5,263,139,1.000,6.7,1.2,2.3,9.0,3.88
9,RP,Robbie Ross*,23,6,0,1.000,2.22,58,0,9,0,0,0,65.0,55,21,16,3,23,3,47,2,1,1,265,206,1.200,7.6,0.4,3.2,6.5,2.04
10,RP,Mike Adams,33,5,3,.625,3.27,61,0,7,0,0,1,52.1,56,21,19,4,17,1,45,3,0,2,228,140,1.395,9.6,0.7,2.9,7.7,2.65
11,RP,Tanner Scheppers,25,1,1,.500,4.45,39,0,13,0,0,1,32.1,47,18,16,6,9,3,30,2,0,4,152,103,1.732,13.1,1.7,2.5,8.4,3.33
12,,Roy Oswalt,34,4,3,.571,5.80,17,9,2,0,0,0,59.0,79,41,38,11,11,0,59,3,2,3,264,79,1.525,12.1,1.7,1.7,9.0,5.36
13,,Neftali Feliz,24,3,1,.750,3.16,8,7,0,1,0,0,42.2,28,15,15,5,23,0,37,2,0,0,175,145,1.195,5.9,1.1,4.9,7.8,1.61
14,,Mark Lowe,29,0,2,.000,3.43,36,0,12,0,0,0,39.1,35,15,15,5,13,0,28,0,2,4,162,133,1.220,8.0,1.1,3.0,6.4,2.15
15,,Martin Perez*,21,1,4,.200,5.45,12,6,2,0,0,0,38.0,47,26,23,3,15,1,25,2,2,5,177,84,1.632,11.1,0.7,3.6,5.9,1.67
16,,Koji Uehara,37,0,0,,1.75,37,0,13,0,0,1,36.0,20,7,7,4,3,0,43,0,0,1,130,262,0.639,5.0,1.0,0.8,10.8,14.33
17,,Michael Kirkman*,25,1,2,.333,3.82,28,0,9,0,0,0,35.1,24,16,15,5,17,1,38,1,0,2,151,120,1.160,6.1,1.3,4.3,9.7,2.24
18,,Yoshinori Tateyama,36,1,0,1.000,9.00,14,0,5,0,0,0,17.0,18,19,17,4,6,1,18,0,0,0,76,51,1.412,9.5,2.1,3.2,9.5,3.00
19,,Justin Grimm,23,1,1,.500,9.00,5,2,3,0,0,0,14.0,22,14,14,1,3,0,13,0,0,3,65,52,1.786,14.1,0.6,1.9,8.4,4.33
20,,Wilmer Font,22,0,0,,9.00,3,0,0,0,0,0,2.0,0,2,2,0,4,0,1,0,0,1,10,59,2.000,0.0,0.0,18.0,4.5,0.25
21,,Craig Gentry,28,0,0,,18.00,1,0,1,0,0,0,1.0,3,2,2,0,1,0,0,0,0,0,7,34,4.000,27.0,0.0,9.0,0.0,0.00
1,SP,C.J. Wilson*,31,13,10,.565,3.83,34,34,0,0,0,0,202.1,181,102,86,19,91,2,173,6,1,4,865,99,1.344,8.1,0.8,4.0,7.7,1.90
2,SP,Jered Weaver,29,20,5,.800,2.81,30,30,0,3,2,0,188.2,147,63,59,20,45,0,142,4,0,2,739,134,1.018,7.0,1.0,2.1,6.8,3.16
3,SP,Ervin Santana,29,9,13,.409,5.16,30,30,0,1,1,0,178.0,165,109,102,39,61,2,133,9,0,4,764,73,1.270,8.3,2.0,3.1,6.7,2.18
4,SP,Dan Haren,31,12,13,.480,4.33,30,30,0,1,1,0,176.2,190,95,85,28,38,3,142,3,1,5,747,87,1.291,9.7,1.4,1.9,7.2,3.74
5,SP,Zack Greinke,28,6,2,.750,3.53,13,13,0,0,0,0,89.1,80,35,35,11,26,0,78,2,0,4,364,107,1.187,8.1,1.1,2.6,7.9,3.00
6,CL,Ernesto Frieri,26,4,2,.667,2.32,56,0,46,0,0,23,54.1,26,15,14,7,26,0,80,5,0,1,219,163,0.957,4.3,1.2,4.3,13.3,3.08
7,RP,Jason Isringhausen,39,3,2,.600,4.14,50,0,17,0,0,0,45.2,44,22,21,7,19,3,31,0,0,3,198,92,1.380,8.7,1.4,3.7,6.1,1.63
8,RP,Scott Downs*,36,1,1,.500,3.15,57,0,11,0,0,9,45.2,43,17,16,3,17,2,32,0,0,1,194,120,1.314,8.5,0.6,3.4,6.3,1.88
9,RP,Kevin Jepsen,27,3,2,.600,3.02,49,0,11,0,0,2,44.2,39,17,15,3,12,1,38,2,0,1,178,126,1.142,7.9,0.6,2.4,7.7,3.17
10,RP,LaTroy Hawkins,39,2,3,.400,3.64,48,0,7,0,0,1,42.0,45,20,17,5,13,1,23,0,0,0,178,104,1.381,9.6,1.1,2.8,4.9,1.77
11,,Jerome Williams,30,6,8,.429,4.58,32,15,7,1,1,1,137.2,139,73,70,17,35,1,98,5,0,1,572,82,1.264,9.1,1.1,2.3,6.4,2.80
12,,Garrett Richards,24,4,3,.571,4.69,30,9,4,0,0,1,71.0,77,46,37,7,34,1,47,3,0,2,318,81,1.563,9.8,0.9,4.3,6.0,1.38
13,,Hisanori Takahashi*,37,0,3,.000,4.93,42,0,9,0,0,0,42.0,39,24,23,6,10,1,41,0,0,0,173,77,1.167,8.4,1.3,2.1,8.8,4.10
14,,David Carpenter,24,1,2,.333,4.76,28,0,12,0,0,0,39.2,42,21,21,6,17,0,28,0,0,2,172,80,1.487,9.5,1.4,3.9,6.4,1.65
15,,Jordan Walden,24,3,2,.600,3.46,45,0,20,0,0,1,39.0,35,15,15,3,18,1,48,0,0,7,172,110,1.359,8.1,0.7,4.2,11.1,2.67
16,,David Pauley,29,0,1,.000,4.35,5,0,3,0,0,0,10.1,16,6,5,1,3,1,4,0,0,0,49,90,1.839,13.9,0.9,2.6,3.5,1.33
17,,Nick Maronde*,22,0,0,,1.50,12,0,1,0,0,0,6.0,6,1,1,0,3,0,7,0,0,0,27,268,1.500,9.0,0.0,4.5,10.5,2.33
18,,Brad Mills*,27,1,0,1.000,0.00,1,1,0,0,0,0,5.0,3,0,0,0,0,0,6,0,0,0,18,,0.600,5.4,0.0,0.0,10.8,
19,,Bobby Cassevah,26,1,0,1.000,7.20,4,0,0,0,0,0,5.0,5,4,4,2,6,1,2,1,0,0,29,56,2.200,9.0,3.6,10.8,3.6,0.33
20,,Barry Enright,26,0,0,,14.73,3,0,2,0,0,0,3.2,7,6,6,1,1,0,0,0,0,0,20,28,2.182,17.2,2.5,2.5,0.0,0.00
21,,Rich Thompson,27,0,1,.000,15.43,2,0,2,0,0,0,2.1,5,4,4,1,1,0,3,0,0,0,13,29,2.571,19.3,3.9,3.9,11.6,3.00
22,,Andrew Taylor*,25,0,0,,11.57,3,0,2,0,0,0,2.1,3,3,3,0,4,0,0,0,0,1,14,38,3.000,11.6,0.0,15.4,0.0,0.00
23,,Steve Geltz,24,0,0,,4.50,2,0,2,0,0,0,2.0,2,1,1,0,3,0,1,0,0,0,11,101,2.500,9.0,0.0,13.5,4.5,0.33
1,SP,Felix Hernandez,26,13,9,.591,3.06,33,33,0,5,5,0,232.0,209,84,79,14,56,0,223,12,2,13,939,122,1.142,8.1,0.5,2.2,8.7,3.98
2,SP,Jason Vargas*,29,14,11,.560,3.85,33,33,0,2,0,0,217.1,201,94,93,35,55,1,141,3,0,5,887,97,1.178,8.3,1.4,2.3,5.8,2.56
3,SP,Kevin Millwood,37,6,12,.333,4.25,28,28,0,1,1,0,161.0,168,86,76,13,56,3,107,3,0,5,689,88,1.391,9.4,0.7,3.1,6.0,1.91
4,SP,Blake Beavan,23,11,11,.500,4.43,26,26,0,0,0,0,152.1,168,76,75,23,24,0,67,10,0,3,638,84,1.260,9.9,1.4,1.4,4.0,2.79
5,SP,Hisashi Iwakuma,31,9,5,.643,3.16,30,16,6,0,0,2,125.1,117,49,44,17,43,3,101,3,0,5,519,118,1.277,8.4,1.2,3.1,7.3,2.35
6,SP,Hector Noesi,25,2,12,.143,5.82,22,18,4,0,0,0,106.2,107,71,69,21,39,1,68,2,2,1,453,64,1.369,9.0,1.8,3.3,5.7,1.74
7,CL,Tom Wilhelmsen,28,4,3,.571,2.50,73,0,48,0,0,29,79.1,59,24,22,5,29,3,87,2,0,3,326,150,1.109,6.7,0.6,3.3,9.9,3.00
8,RP,Charlie Furbush*,26,5,2,.714,2.72,48,0,8,0,0,0,46.1,28,15,14,3,16,4,53,2,0,5,182,138,0.950,5.4,0.6,3.1,10.3,3.31
9,RP,Brandon League,29,0,5,.000,3.63,46,0,24,0,0,9,44.2,48,20,18,1,19,3,27,0,0,3,193,104,1.500,9.7,0.2,3.8,5.4,1.42
10,RP,Shawn Kelley,28,2,4,.333,3.25,47,0,10,0,0,0,44.1,43,20,16,5,15,6,45,0,1,2,190,116,1.308,8.7,1.0,3.0,9.1,3.00
11,RP,Lucas Luetge*,25,2,2,.500,3.98,63,0,16,0,0,2,40.2,37,20,18,3,24,6,38,1,0,5,178,94,1.500,8.2,0.7,5.3,8.4,1.58
12,,Erasmo Ramirez,22,1,3,.250,3.36,16,8,2,0,0,0,59.0,47,26,22,6,12,1,48,3,0,0,238,112,1.000,7.2,0.9,1.8,7.3,4.00
13,,Steve Delabar,28,2,1,.667,4.17,34,0,11,0,0,0,36.2,23,17,17,9,11,1,46,5,0,3,148,90,0.927,5.6,2.2,2.7,11.3,4.18
14,,Josh Kinney,33,0,3,.000,3.94,35,0,8,0,0,1,32.0,24,14,14,3,15,3,36,3,0,2,136,96,1.219,6.8,0.8,4.2,10.1,2.40
15,,Oliver Perez*,30,1,3,.250,2.12,33,0,6,0,0,0,29.2,27,7,7,1,10,2,24,0,0,2,123,178,1.247,8.2,0.3,3.0,7.3,2.40
16,,Carter Capps,21,0,0,,3.96,18,0,2,0,0,0,25.0,25,11,11,0,11,0,28,0,0,1,109,95,1.440,9.0,0.0,4.0,10.1,2.55
17,,Stephen Pryor,22,3,1,.750,3.91,26,0,8,0,0,0,23.0,22,13,10,5,13,2,27,0,0,3,104,97,1.522,8.6,2.0,5.1,10.6,2.08
18,,George Sherrill*,35,0,0,,27.00,2,0,1,0,0,0,1.1,6,4,4,2,1,0,0,0,0,0,10,18,5.250,40.5,13.5,6.8,0.0,0.00
1,SP,Gio Gonzalez*,26,21,8,.724,2.89,32,32,0,2,1,0,199.1,149,69,64,9,76,3,207,5,1,10,822,136,1.129,6.7,0.4,3.4,9.3,2.72
2,SP,Jordan Zimmermann,26,12,8,.600,2.94,32,32,0,0,0,0,195.2,186,69,64,18,43,2,153,8,0,3,805,133,1.170,8.6,0.8,2.0,7.0,3.56
3,SP,Edwin Jackson,28,10,11,.476,4.03,31,31,0,1,0,0,189.2,173,90,85,23,58,5,168,2,0,3,790,97,1.218,8.2,1.1,2.8,8.0,2.90
4,SP,Ross Detwiler*,26,10,8,.556,3.40,33,27,1,0,0,0,164.1,149,75,62,15,52,0,105,5,1,4,686,115,1.223,8.2,0.8,2.8,5.8,2.02
5,SP,Stephen Strasburg,23,15,6,.714,3.16,28,28,0,0,0,0,159.1,136,62,56,15,48,1,197,4,0,5,653,124,1.155,7.7,0.8,2.7,11.1,4.10
6,CL,Tyler Clippard,27,2,6,.250,3.72,74,0,42,0,0,32,72.2,55,32,30,7,29,2,84,2,0,5,307,106,1.156,6.8,0.9,3.6,10.4,2.90
7,RP,Craig Stammen,28,6,1,.857,2.34,59,0,15,0,0,1,88.1,70,27,23,7,36,4,87,2,0,3,370,168,1.200,7.1,0.7,3.7,8.9,2.42
8,RP,Ryan Mattheus,28,5,3,.625,2.85,66,0,11,0,0,0,66.1,57,22,21,8,19,5,41,3,0,3,265,138,1.146,7.7,1.1,2.6,5.6,2.16
9,RP,Sean Burnett*,29,1,2,.333,2.38,70,0,16,0,0,2,56.2,58,16,15,4,12,3,57,3,0,2,239,165,1.235,9.2,0.6,1.9,9.1,4.75
10,RP,Mike Gonzalez*,34,0,0,,3.03,47,0,13,0,0,0,35.2,31,14,12,2,16,0,39,0,1,2,151,131,1.318,7.8,0.5,4.0,9.8,2.44
11,,Tom Gorzelanny*,29,4,2,.667,2.88,45,1,11,0,0,1,72.0,65,27,23,7,30,1,62,2,0,4,306,137,1.319,8.1,0.9,3.8,7.8,2.07
12,,John Lannan*,27,4,1,.800,4.13,6,6,0,0,0,0,32.2,33,15,15,0,14,1,17,4,0,1,144,96,1.439,9.1,0.0,3.9,4.7,1.21
13,,Chien-Ming Wang,32,2,3,.400,6.68,10,5,0,0,0,0,32.1,50,24,24,5,15,0,15,3,0,5,158,59,2.010,13.9,1.4,4.2,4.2,1.00
14,,Drew Storen,24,3,1,.750,2.37,37,0,17,0,0,4,30.1,22,8,8,0,8,0,24,1,0,1,116,167,0.989,6.5,0.0,2.4,7.1,3.00
15,,Henry Rodriguez,25,1,3,.250,5.83,35,0,20,0,0,9,29.1,19,20,19,4,22,0,31,1,1,10,131,68,1.398,5.8,1.2,6.8,9.5,1.41
16,,Zach Duke*,29,1,0,1.000,1.32,8,0,3,0,0,0,13.2,11,2,2,0,4,0,10,0,0,0,56,306,1.098,7.2,0.0,2.6,6.6,2.50
17,,Christian Garcia,26,0,0,,2.13,13,0,2,0,0,0,12.2,8,3,3,2,2,0,15,2,0,1,48,189,0.789,5.7,1.4,1.4,10.7,7.50
18,,Brad Lidge,35,0,1,.000,9.64,11,0,4,0,0,2,9.1,12,10,10,1,11,5,10,0,0,0,51,42,2.464,11.6,1.0,10.6,9.6,0.91
19,,Ryan Perry,25,1,0,1.000,10.13,7,0,4,0,0,0,8.0,12,9,9,2,2,0,3,0,0,0,35,41,1.750,13.5,2.3,2.3,3.4,1.50
1,SP,Mike Minor*,24,11,10,.524,4.12,30,30,0,0,0,0,179.1,151,88,82,26,56,7,145,5,0,3,728,97,1.154,7.6,1.3,2.8,7.3,2.59
2,SP,Tim Hudson,36,16,7,.696,3.62,28,28,0,1,1,0,179.0,168,77,72,12,48,2,102,9,0,3,749,110,1.207,8.4,0.6,2.4,5.1,2.13
3,SP,Tommy Hanson,25,13,10,.565,4.48,31,31,0,0,0,0,174.2,183,95,87,27,71,5,161,5,0,6,761,89,1.454,9.4,1.4,3.7,8.3,2.27
4,SP,Randall Delgado,22,4,9,.308,4.37,18,17,0,0,0,0,92.2,89,48,45,8,42,4,76,4,1,5,401,92,1.414,8.6,0.8,4.1,7.4,1.81
5,SP,Brandon Beachy,25,5,5,.500,2.00,13,13,0,1,1,0,81.0,49,24,18,6,29,1,68,1,0,4,319,200,0.963,5.4,0.7,3.2,7.6,2.34
6,SP,Paul Maholm*,30,4,5,.444,3.54,11,11,0,1,1,0,68.2,63,29,27,8,19,1,59,1,0,1,283,113,1.194,8.3,1.0,2.5,7.7,3.11
7,CL,Craig Kimbrel,24,3,1,.750,1.01,63,0,56,0,0,42,62.2,27,7,7,3,14,0,116,2,0,5,231,399,0.654,3.9,0.4,2.0,16.7,8.29
8,RP,Cristhian Martinez,30,5,4,.556,3.91,54,0,26,0,0,1,73.2,80,33,32,6,19,4,65,0,1,2,313,103,1.344,9.8,0.7,2.3,7.9,3.42
9,RP,Chad Durbin,34,4,1,.800,3.10,76,0,19,0,0,1,61.0,52,25,21,9,28,3,49,0,0,1,257,130,1.311,7.7,1.3,4.1,7.2,1.75
10,RP,Jonny Venters*,27,5,4,.556,3.22,66,0,12,0,0,0,58.2,61,23,21,6,28,3,69,5,0,9,262,125,1.517,9.4,0.9,4.3,10.6,2.46
11,RP,Eric O'Flaherty*,27,3,0,1.000,1.73,64,0,7,0,0,0,57.1,47,14,11,3,19,2,46,2,0,1,230,233,1.151,7.4,0.5,3.0,7.2,2.42
12,,Kris Medlen,26,10,1,.909,1.57,50,12,7,2,1,1,138.0,103,26,24,6,23,0,120,0,0,3,520,256,0.913,6.7,0.4,1.5,7.8,5.22
13,,Ben Sheets,33,4,4,.500,3.47,9,9,0,0,0,0,49.1,52,21,19,6,13,1,35,1,0,1,207,116,1.318,9.5,1.1,2.4,6.4,2.69
14,,Jair Jurrjens,26,3,4,.429,6.89,11,10,1,0,0,0,48.1,72,40,37,8,18,0,19,1,0,1,227,58,1.862,13.4,1.5,3.4,3.5,1.06
15,,Luis Avilan*,22,1,0,1.000,2.00,31,0,2,0,0,0,36.0,27,9,8,1,10,1,33,1,1,3,142,202,1.028,6.8,0.3,2.5,8.3,3.30
16,,Livan Hernandez,37,1,1,.500,4.94,18,0,8,0,0,1,31.0,40,17,17,5,8,4,19,0,0,0,136,82,1.548,11.6,1.5,2.3,5.5,2.38
17,,Cory Gearrin,26,0,1,.000,1.80,22,0,7,0,0,0,20.0,17,4,4,1,5,0,20,2,0,2,80,226,1.100,7.7,0.5,2.3,9.0,4.00
18,,Anthony Varvaro,27,1,1,.500,5.40,12,0,5,0,0,0,16.2,16,11,10,2,9,1,21,2,0,3,76,76,1.500,8.6,1.1,4.9,11.3,2.33
19,,Julio Teheran,21,0,0,,5.68,2,1,0,0,0,0,6.1,5,4,4,0,1,0,5,0,0,0,24,74,0.947,7.1,0.0,1.4,7.1,5.00
20,,Miguel Batista,41,0,0,,3.00,5,0,4,0,0,0,6.0,5,2,2,1,2,1,2,0,0,0,24,142,1.167,7.5,1.5,3.0,3.0,1.00
21,,Peter Moylan,33,1,0,1.000,1.80,8,0,3,0,0,1,5.0,3,3,1,1,2,0,2,0,0,1,21,239,1.000,5.4,1.8,3.6,3.6,1.00
1,SP,Cole Hamels*,28,17,6,.739,3.05,31,31,0,2,2,0,215.1,190,80,73,24,52,3,216,3,2,3,867,132,1.124,7.9,1.0,2.2,9.0,4.15
2,SP,Cliff Lee*,33,6,9,.400,3.16,30,30,0,0,0,0,211.0,207,79,74,26,28,0,207,0,0,4,847,128,1.114,8.8,1.1,1.2,8.8,7.39
3,SP,Kyle Kendrick,27,11,12,.478,3.90,37,25,2,1,1,0,159.1,154,76,69,20,49,4,116,7,0,1,674,104,1.274,8.7,1.1,2.8,6.6,2.37
4,SP,Roy Halladay,35,11,8,.579,4.49,25,25,0,0,0,0,156.1,155,78,78,18,36,0,132,5,0,2,646,90,1.222,8.9,1.0,2.1,7.6,3.67
5,SP,Joe Blanton,31,8,9,.471,4.59,21,20,1,2,1,0,133.1,141,74,68,22,18,2,115,3,0,4,560,88,1.193,9.5,1.5,1.2,7.8,6.39
6,SP,Vance Worley,24,6,9,.400,4.20,23,23,0,0,0,0,133.0,154,69,62,12,47,4,107,6,0,1,590,96,1.511,10.4,0.8,3.2,7.2,2.28
7,CL,Jonathan Papelbon,31,5,6,.455,2.44,70,0,64,0,0,38,70.0,56,22,19,8,18,1,92,4,0,0,284,166,1.057,7.2,1.0,2.3,11.8,5.11
8,RP,Antonio Bastardo*,26,2,5,.286,4.33,65,0,10,0,0,1,52.0,40,26,25,7,26,3,81,2,0,5,224,94,1.269,6.9,1.2,4.5,14.0,3.12
9,RP,Michael Schwimer,26,2,1,.667,4.46,35,0,16,0,0,0,34.1,30,18,17,3,16,2,36,2,0,1,147,91,1.340,7.9,0.8,4.2,9.4,2.25
10,RP,Chad Qualls,33,1,1,.500,4.60,35,0,6,0,0,0,31.1,39,18,16,7,9,3,19,0,0,2,140,89,1.532,11.2,2.0,2.6,5.5,2.11
11,RP,Jeremy Horst*,26,2,0,1.000,1.15,32,0,9,0,0,0,31.1,21,8,4,1,14,1,40,1,0,1,125,355,1.117,6.0,0.3,4.0,11.5,2.86
12,,Tyler Cloyd,25,2,2,.500,4.91,6,6,0,0,0,0,33.0,33,18,18,8,7,0,30,2,0,0,138,83,1.212,9.0,2.2,1.9,8.2,4.29
13,,Raul Valdes*,34,3,2,.600,2.90,27,1,7,0,0,0,31.0,18,10,10,3,5,1,35,0,0,0,113,141,0.742,5.2,0.9,1.5,10.2,7.00
14,,Jake Diekman*,25,1,1,.500,3.95,32,0,7,0,0,0,27.1,25,17,12,1,20,3,35,3,0,1,131,103,1.646,8.2,0.3,6.6,11.5,1.75
15,,Joe Savery*,26,1,2,.333,5.40,19,0,8,0,0,0,25.0,26,17,15,4,8,1,16,1,1,0,108,76,1.360,9.4,1.4,2.9,5.8,2.00
16,,B.J. Rosenberg,26,1,2,.333,6.12,22,1,3,0,0,0,25.0,18,17,17,4,14,0,24,2,0,0,106,67,1.280,6.5,1.4,5.0,8.6,1.71
17,,Josh Lindblom,25,1,3,.250,4.63,26,0,6,0,0,1,23.1,19,15,12,4,17,2,27,1,0,1,107,88,1.543,7.3,1.5,6.6,10.4,1.59
18,,Phillippe Aumont,23,0,1,.000,3.68,18,0,3,0,0,2,14.2,10,6,6,0,9,1,14,1,0,2,65,112,1.295,6.1,0.0,5.5,8.6,1.56
19,,Jose Contreras,40,1,0,1.000,5.27,17,0,3,0,0,0,13.2,13,10,8,1,3,0,15,1,0,0,56,79,1.171,8.6,0.7,2.0,9.9,5.00
20,,Justin De Fratus,24,0,0,,3.38,13,0,2,0,0,0,10.2,7,5,4,0,5,1,8,0,0,1,44,124,1.125,5.9,0.0,4.2,6.8,1.60
21,,David Herndon,26,0,1,.000,4.70,5,0,2,0,0,0,7.2,10,4,4,1,1,0,8,0,0,0,33,90,1.435,11.7,1.2,1.2,9.4,8.00
22,,Brian Sanches,33,0,1,.000,9.95,6,0,3,0,0,0,6.1,12,7,7,4,3,1,5,0,0,0,34,43,2.368,17.1,5.7,4.3,7.1,1.67
23,,Michael Stutes,25,0,0,,6.35,6,0,4,0,0,0,5.2,7,6,4,0,4,0,5,0,0,1,29,68,1.941,11.1,0.0,6.4,7.9,1.25
24,,Tyson Brummett,27,0,0,,0.00,1,0,1,0,0,0,0.2,2,0,0,0,0,0,2,0,0,0,4,,3.000,27.0,0.0,0.0,27.0
1,SP,R.A. Dickey,37,20,6,.769,2.73,34,33,1,5,3,0,233.2,192,78,71,24,54,2,230,9,1,4,927,139,1.053,7.4,0.9,2.1,8.9,4.26
2,SP,Jonathon Niese*,25,13,9,.591,3.40,30,30,0,0,0,0,190.1,174,77,72,22,49,2,155,4,0,6,788,112,1.172,8.2,1.0,2.3,7.3,3.16
3,SP,Johan Santana*,33,6,9,.400,4.85,21,21,0,2,2,0,117.0,117,65,63,17,39,1,111,0,0,1,499,79,1.333,9.0,1.3,3.0,8.5,2.85
4,SP,Chris Young,33,4,9,.308,4.15,20,20,0,0,0,0,115.0,119,58,53,16,36,5,80,2,0,3,493,92,1.348,9.3,1.3,2.8,6.3,2.22
5,SP,Dillon Gee,26,6,7,.462,4.10,17,17,0,0,0,0,109.2,108,56,50,12,29,0,97,6,1,0,463,93,1.249,8.9,1.0,2.4,8.0,3.34
6,CL,Frank Francisco,32,1,3,.250,5.53,48,0,38,0,0,23,42.1,47,27,26,5,21,1,47,0,1,2,197,69,1.606,10.0,1.1,4.5,10.0,2.24
7,RP,Bobby Parnell,27,5,4,.556,2.49,74,0,23,0,0,7,68.2,65,24,19,4,20,2,61,1,0,1,288,153,1.238,8.5,0.5,2.6,8.0,3.05
8,RP,Ramon Ramirez,30,3,4,.429,4.24,58,0,18,0,0,1,63.2,58,33,30,4,35,4,52,0,0,4,277,90,1.461,8.2,0.6,4.9,7.4,1.49
9,RP,Jon Rauch,33,3,7,.300,3.59,73,0,22,0,0,4,57.2,45,28,23,7,12,2,42,1,0,1,233,106,0.988,7.0,1.1,1.9,6.6,3.50
10,RP,Tim Byrdak*,38,2,2,.500,4.40,56,0,4,0,0,0,30.2,18,16,15,2,18,5,34,1,0,0,125,87,1.174,5.3,0.6,5.3,10.0,1.89
11,,Jeremy Hefner,26,4,7,.364,5.09,26,13,5,0,0,0,93.2,110,55,53,9,18,1,62,2,0,7,408,75,1.367,10.6,0.9,1.7,6.0,3.44
12,,Matt Harvey,23,3,5,.375,2.73,10,10,0,0,0,0,59.1,42,19,18,5,26,0,70,3,0,3,245,140,1.146,6.4,0.8,3.9,10.6,2.69
13,,Manny Acosta,31,1,3,.250,6.46,45,0,7,0,0,1,47.1,48,38,34,7,25,1,46,3,0,2,216,59,1.542,9.1,1.3,4.8,8.7,1.84
14,,Miguel Batista,41,1,3,.250,4.82,30,5,7,0,0,0,46.2,53,28,25,5,31,0,34,1,0,1,220,79,1.800,10.2,1.0,6.0,6.6,1.10
15,,Josh Edgin*,25,1,2,.333,4.56,34,0,6,0,0,0,25.2,19,14,13,5,10,0,30,2,0,0,107,85,1.130,6.7,1.8,3.5,10.5,3.00
16,,Elvin Ramirez,24,0,1,.000,5.48,20,0,7,0,0,0,21.1,24,13,13,1,20,1,22,0,0,1,102,70,2.063,10.1,0.4,8.4,9.3,1.10
17,,Collin McHugh,25,0,4,.000,7.59,8,4,1,0,0,0,21.1,27,21,18,5,8,2,17,2,0,0,99,51,1.641,11.4,2.1,3.4,7.2,2.13
18,,Mike Pelfrey,28,0,0,,2.29,3,3,0,0,0,0,19.2,24,5,5,0,4,0,13,0,0,1,85,169,1.424,11.0,0.0,1.8,5.9,3.25
19,,Jenrry Mejia,22,1,2,.333,5.63,5,3,1,0,0,0,16.0,20,10,10,2,9,0,8,0,0,1,74,69,1.813,11.3,1.1,5.1,4.5,0.89
20,,Robert Carson*,23,0,0,,4.73,17,0,2,0,0,0,13.1,13,7,7,2,4,0,5,2,0,0,57,83,1.275,8.8,1.4,2.7,3.4,1.25
21,,Jeurys Familia,22,0,0,,5.84,8,1,4,0,0,0,12.1,10,8,8,0,9,0,10,0,0,0,52,67,1.541,7.3,0.0,6.6,7.3,1.11
22,,Justin Hampson*,32,0,0,,1.80,13,0,1,0,0,0,10.0,6,4,2,0,5,0,4,0,0,0,37,219,1.100,5.4,0.0,4.5,3.6,0.80
23,,Chris Schwinden,25,0,1,.000,12.46,3,2,1,0,0,0,8.2,15,13,12,4,3,0,1,0,0,0,46,32,2.077,15.6,4.2,3.1,1.0,0.33
24,,Pedro Beato,25,0,0,,10.38,7,0,2,0,0,0,4.1,5,5,5,1,2,0,5,0,0,1,20,40,1.615,10.4,2.1,4.2,10.4,2.50
25,,D.J. Carrasco,35,0,0,,7.36,4,0,3,0,0,0,3.2,6,3,3,2,0,0,3,1,0,1,18,57,1.636,14.7,4.9,0.0,7.4
26,,Rob Johnson,29,0,0,,0.00,1,0,1,0,0,0,1.0,0,0,0,0,0,0,1,0,0,0,3,,0.000,0.0,0.0,0.0,9.0
27,,Jack Egbert,29,0,0,,0.00,1,0,1,0,0,0,0.2,0,0,0,0,0,0,0,0,0,0,2,,0.000,0.0,0.0,0.0,0.0
28,,Garrett Olson*,28,0,0,,108.00,1,0,0,0,0,0,0.1,3,4,4,0,1,0,0,0,0,0,5,8,12.000,81.0,0.0,27.0,0.0,0.00
1,SP,Mark Buehrle*,33,13,13,.500,3.74,31,31,0,1,0,0,202.1,197,88,84,26,40,3,125,4,0,2,828,106,1.171,8.8,1.2,1.8,5.6,3.13
2,SP,Josh Johnson,28,8,14,.364,3.81,31,31,0,0,0,0,191.1,180,84,81,14,65,7,165,4,0,5,798,104,1.280,8.5,0.7,3.1,7.8,2.54
3,SP,Ricky Nolasco,29,12,13,.480,4.48,31,31,0,3,2,0,191.0,214,100,95,18,47,9,125,8,1,8,832,88,1.366,10.1,0.8,2.2,5.9,2.66
4,SP,Carlos Zambrano,31,7,10,.412,4.49,35,20,5,1,1,0,132.1,123,75,66,9,75,1,95,10,0,1,591,88,1.496,8.4,0.6,5.1,6.5,1.27
5,SP,Anibal Sanchez,28,5,7,.417,3.94,19,19,0,0,0,0,121.0,119,59,53,12,33,2,110,2,1,4,504,101,1.256,8.9,0.9,2.5,8.2,3.33
6,SP,Nathan Eovaldi,22,3,7,.300,4.43,12,12,0,0,0,0,63.0,70,32,31,5,27,1,44,3,0,0,285,90,1.540,10.0,0.7,3.9,6.3,1.63
7,CL,Heath Bell,34,4,5,.444,5.09,73,0,41,0,0,19,63.2,70,38,36,5,29,3,59,2,0,2,286,78,1.555,9.9,0.7,4.1,8.3,2.03
8,RP,Chad Gaudin,29,4,2,.667,4.54,46,0,11,0,0,0,69.1,72,39,35,6,26,5,57,3,1,3,302,87,1.413,9.3,0.8,3.4,7.4,2.19
9,RP,Steve Cishek,26,5,2,.714,2.69,68,0,36,0,0,15,63.2,54,26,19,3,29,6,68,6,1,1,275,148,1.304,7.6,0.4,4.1,9.6,2.34
10,RP,Ryan Webb,26,4,3,.571,4.03,65,0,21,0,0,0,60.1,72,30,27,2,20,8,44,4,0,0,270,99,1.525,10.7,0.3,3.0,6.6,2.20
11,RP,Mike Dunn*,27,0,3,.000,4.91,60,0,8,0,0,1,44.0,49,31,24,3,29,8,47,0,0,2,208,81,1.773,10.0,0.6,5.9,9.6,1.62
12,,Wade LeBlanc*,27,2,5,.286,3.67,25,9,1,0,0,0,68.2,71,30,28,7,19,1,43,1,0,1,284,108,1.311,9.3,0.9,2.5,5.6,2.26
13,,Jacob Turner,21,1,4,.200,3.38,7,7,0,0,0,0,42.2,33,21,16,5,9,2,29,0,0,4,170,118,0.984,7.0,1.1,1.9,6.1,3.22
14,,Edward Mujica,28,0,3,.000,4.38,41,0,14,0,0,2,39.0,36,21,19,6,9,2,26,1,0,0,161,91,1.154,8.3,1.4,2.1,6.0,2.89
15,,Randy Choate*,36,0,0,,2.49,44,0,4,0,0,1,25.1,16,11,7,0,9,0,27,3,0,2,104,161,0.987,5.7,0.0,3.2,9.6,3.00
16,,Dan Jennings*,25,1,0,1.000,1.89,22,0,4,0,0,0,19.0,18,5,4,2,11,1,8,2,0,0,86,213,1.526,8.5,0.9,5.2,3.8,0.73
17,,Chris Hatcher,27,0,0,,4.30,11,0,7,0,0,0,14.2,17,9,7,3,6,0,10,1,0,1,66,94,1.568,10.4,1.8,3.7,6.1,1.67
18,,Tom Koehler,26,0,1,.000,5.40,8,1,0,0,0,0,13.1,15,8,8,4,2,1,13,0,0,0,56,75,1.275,10.1,2.7,1.4,8.8,6.50
19,,A.J. Ramos,25,0,0,,3.86,11,0,4,0,0,0,9.1,8,4,4,2,4,0,13,1,0,0,40,107,1.286,7.7,1.9,3.9,12.5,3.25
20,,Brad Hand*,22,0,1,.000,17.18,1,1,0,0,0,0,3.2,6,7,7,1,6,1,3,0,0,0,23,25,3.273,14.7,2.5,14.7,7.4,0.50
21,,Sandy Rosario,26,0,0,,18.00,4,0,1,0,0,0,3.0,8,6,6,0,0,0,2,0,0,0,17,25,2.667,24.0,0.0,0.0,6.0
1,SP,Johnny Cueto,26,19,9,.679,2.78,33,33,0,2,0,0,217.0,205,73,67,15,49,5,170,12,3,1,888,151,1.171,8.5,0.6,2.0,7.1,3.47
2,SP,Mat Latos,24,14,4,.778,3.48,33,33,0,2,0,0,209.1,179,87,81,25,64,9,185,4,1,3,858,120,1.161,7.7,1.1,2.8,8.0,2.89
3,SP,Homer Bailey,26,13,10,.565,3.68,33,33,0,2,1,0,208.0,206,97,85,26,52,3,168,8,0,3,874,114,1.240,8.9,1.1,2.3,7.3,3.23
4,SP,Bronson Arroyo,35,12,10,.545,3.74,32,32,0,1,1,0,202.0,209,86,84,26,35,1,129,5,0,3,835,112,1.208,9.3,1.2,1.6,5.7,3.69
5,SP,Mike Leake,24,8,9,.471,4.58,30,30,0,2,0,0,179.0,201,97,91,26,41,3,116,3,0,3,757,92,1.352,10.1,1.3,2.1,5.8,2.83
6,CL,Aroldis Chapman*,24,5,5,.500,1.51,68,0,52,0,0,38,71.2,35,13,12,4,23,0,122,4,0,4,276,279,0.809,4.4,0.5,2.9,15.3,5.30
7,RP,Sean Marshall*,29,5,5,.500,2.51,73,0,22,0,0,9,61.0,55,18,17,3,16,2,74,3,1,1,256,168,1.164,8.1,0.4,2.4,10.9,4.63
8,RP,Jose Arredondo,28,6,2,.750,2.95,66,0,17,0,0,1,61.0,50,26,20,7,34,2,62,1,2,0,263,143,1.377,7.4,1.0,5.0,9.1,1.82
9,RP,Sam LeCure,28,3,3,.500,3.14,48,0,12,0,0,0,57.1,46,22,20,3,23,2,61,1,0,2,237,134,1.203,7.2,0.5,3.6,9.6,2.65
10,RP,Logan Ondrusek,27,5,2,.714,3.46,63,0,20,0,0,2,54.2,51,23,21,8,31,4,39,3,0,5,243,122,1.500,8.4,1.3,5.1,6.4,1.26
11,,Alfredo Simon,31,3,2,.600,2.66,36,0,13,0,0,1,61.0,65,22,18,2,22,1,52,6,0,9,269,159,1.426,9.6,0.3,3.2,7.7,2.36
12,,J.J. Hoover,24,1,0,1.000,2.05,28,0,6,0,0,1,30.2,17,7,7,2,13,1,31,0,0,0,123,206,0.978,5.0,0.6,3.8,9.1,2.38
13,,Jonathan Broxton,28,3,3,.500,2.82,25,0,7,0,0,4,22.1,20,7,7,1,3,0,20,1,0,0,87,151,1.030,8.1,0.4,1.2,8.1,6.67
14,,Bill Bray*,29,0,0,,5.19,14,0,2,0,0,0,8.2,6,5,5,2,14,0,7,0,0,0,43,84,2.308,6.2,2.1,14.5,7.3,0.50
15,,Tony Cingrani*,22,0,0,,1.80,3,0,1,0,0,0,5.0,4,1,1,1,2,0,9,0,0,0,22,250,1.200,7.2,1.8,3.6,16.2,4.50
16,,Todd Redmond,27,0,1,.000,10.80,1,1,0,0,0,0,3.1,7,4,4,1,5,0,2,0,0,0,22,43,3.600,18.9,2.7,13.5,5.4,0.40
17,,Pedro Villarreal,24,0,0,,0.00,1,0,1,0,0,0,1.0,0,0,0,0,0,0,1,0,0,0,3,,0.000,0.0,0.0,0.0,9.0
1,SP,Kyle Lohse,33,16,3,.842,2.86,33,33,0,0,0,0,211.0,192,74,67,19,38,1,143,4,0,1,864,134,1.090,8.2,0.8,1.6,6.1,3.76
2,SP,Adam Wainwright,30,14,13,.519,3.94,32,32,0,3,2,0,198.2,196,96,87,15,52,3,184,6,2,5,831,97,1.248,8.9,0.7,2.4,8.3,3.54
3,SP,Lance Lynn,25,18,7,.720,3.78,35,29,2,0,0,0,176.0,168,76,74,16,64,3,180,10,0,3,744,102,1.318,8.6,0.8,3.3,9.2,2.81
4,SP,Jake Westbrook,34,13,11,.542,3.97,28,28,0,1,0,0,174.2,191,85,77,12,52,0,106,8,0,5,751,97,1.391,9.8,0.6,2.7,5.5,2.04
5,SP,Jaime Garcia*,25,7,7,.500,3.92,20,20,0,0,0,0,121.2,136,58,53,7,30,1,98,0,1,12,515,98,1.364,10.1,0.5,2.2,7.2,3.27
6,SP,Joe Kelly,24,5,7,.417,3.53,24,16,4,0,0,0,107.0,112,50,42,10,36,2,75,3,0,4,457,109,1.383,9.4,0.8,3.0,6.3,2.08
7,CL,Jason Motte,30,4,5,.444,2.75,67,0,58,0,0,42,72.0,49,23,22,9,17,1,86,2,0,0,279,140,0.917,6.1,1.1,2.1,10.8,5.06
8,RP,Mitchell Boggs,28,4,1,.800,2.21,78,0,12,0,0,0,73.1,56,20,18,5,21,3,58,4,0,0,296,174,1.050,6.9,0.6,2.6,7.1,2.76
9,RP,Fernando Salas,27,1,4,.200,4.30,65,0,23,0,0,0,58.2,56,28,28,5,27,5,60,1,0,4,256,90,1.415,8.6,0.8,4.1,9.2,2.22
10,RP,Marc Rzepczynski*,26,1,3,.250,4.24,70,0,14,0,0,0,46.2,46,22,22,7,17,2,33,0,0,3,196,91,1.350,8.9,1.4,3.3,6.4,1.94
11,RP,Victor Marte,31,3,2,.600,4.91,48,0,5,0,0,0,40.1,51,22,22,6,14,2,36,2,0,1,185,79,1.612,11.4,1.3,3.1,8.0,2.57
12,,Edward Mujica,28,0,0,,1.03,29,0,2,0,0,0,26.1,20,3,3,1,3,1,21,0,0,1,97,379,0.873,6.8,0.3,1.0,7.2,7.00
13,,Trevor Rosenthal,22,0,2,.000,2.78,19,0,7,0,0,0,22.2,14,7,7,2,7,0,25,1,0,1,89,140,0.926,5.6,0.8,2.8,9.9,3.57
14,,Sam Freeman*,25,0,2,.000,5.40,24,0,7,0,0,0,20.0,17,13,12,2,10,0,18,1,0,0,86,72,1.350,7.7,0.9,4.5,8.1,1.80
15,,Barret Browning*,27,1,3,.250,5.12,22,0,4,0,0,0,19.1,18,11,11,2,7,0,11,0,1,1,84,76,1.293,8.4,0.9,3.3,5.1,1.57
16,,Kyle McClellan,28,0,1,.000,5.30,16,0,6,0,0,0,18.2,16,11,11,2,9,0,11,2,0,1,83,74,1.339,7.7,1.0,4.3,5.3,1.22
17,,Chris Carpenter,37,0,2,.000,3.71,3,3,0,0,0,0,17.0,16,7,7,2,3,0,12,2,0,0,72,106,1.118,8.5,1.1,1.6,6.4,4.00
18,,Eduardo Sanchez,23,0,1,.000,6.60,17,0,4,0,0,0,15.0,11,11,11,2,13,4,13,1,0,4,70,60,1.600,6.6,1.2,7.8,7.8,1.00
19,,Shelby Miller,21,1,0,1.000,1.32,6,1,1,0,0,0,13.2,9,2,2,0,4,0,16,1,0,0,54,300,0.951,5.9,0.0,2.6,10.5,4.00
20,,Maikel Cleto,23,0,0,,7.00,9,0,2,0,0,0,9.0,13,7,7,4,2,0,15,1,0,0,41,57,1.667,13.0,4.0,2.0,15.0,7.50
21,,J.C. Romero*,36,0,0,,10.13,11,0,2,0,0,0,8.0,14,9,9,3,2,0,5,1,0,0,41,40,2.000,15.8,3.4,2.3,5.6,2.50
22,,Brandon Dickson,27,0,0,,7.11,4,0,2,0,0,0,6.1,10,7,5,2,2,0,6,0,0,0,32,57,1.895,14.2,2.8,2.8,8.5,3.00
23,,Brian Fuentes*,36,0,0,,9.00,6,0,2,0,0,0,5.0,6,5,5,1,5,0,6,0,0,0,26,46,2.200,10.8,1.8,9.0,10.8,1.20
24,,C.J. Fick,26,0,0,,5.40,2,0,1,0,0,0,1.2,3,1,1,0,1,0,0,0,0,0,9,88,2.400,16.2,0.0,5.4,0.0,0.00
1,SP,Yovani Gallardo,26,16,9,.640,3.66,33,33,0,0,0,0,204.0,185,86,83,26,81,3,204,0,0,5,860,112,1.304,8.2,1.1,3.6,9.0,2.52
2,SP,Randy Wolf*,35,3,10,.231,5.69,25,24,0,0,0,0,142.1,179,94,90,21,45,1,96,6,2,2,633,72,1.574,11.3,1.3,2.8,6.1,2.13
3,SP,Marco Estrada,28,5,7,.417,3.64,29,23,0,0,0,0,138.1,129,62,56,18,29,0,143,0,1,4,562,113,1.142,8.4,1.2,1.9,9.3,4.93
4,SP,Mike Fiers,27,9,10,.474,3.74,23,22,1,0,0,0,127.2,125,56,53,12,36,0,135,2,0,4,539,110,1.261,8.8,0.8,2.5,9.5,3.75
5,SP,Shaun Marcum,30,7,4,.636,3.70,21,21,0,0,0,0,124.0,116,57,51,16,41,2,109,4,2,3,527,111,1.266,8.4,1.2,3.0,7.9,2.66
6,SP,Zack Greinke,28,9,3,.750,3.44,21,21,0,0,0,0,123.0,120,49,47,7,28,0,122,0,0,4,504,120,1.203,8.8,0.5,2.0,8.9,4.36
7,CL,John Axford,29,5,8,.385,4.67,75,0,54,0,0,35,69.1,61,42,36,10,39,2,93,2,0,10,310,88,1.442,7.9,1.3,5.1,12.1,2.38
8,RP,Francisco Rodriguez,30,2,7,.222,4.38,78,0,13,0,0,3,72.0,65,37,35,8,31,1,72,0,0,6,305,94,1.333,8.1,1.0,3.9,9.0,2.32
9,RP,Kameron Loe,30,6,5,.545,4.61,70,0,20,0,0,2,68.1,78,41,35,9,20,3,55,3,0,4,303,90,1.434,10.3,1.2,2.6,7.2,2.75
10,RP,Jose Veras,31,5,4,.556,3.63,72,0,17,0,0,1,67.0,61,29,27,5,40,1,79,2,0,1,300,114,1.507,8.2,0.7,5.4,10.6,1.98
11,RP,Manny Parra*,29,2,3,.400,5.06,62,0,8,0,0,0,58.2,62,39,33,3,35,2,61,3,0,6,273,82,1.653,9.5,0.5,5.4,9.4,1.74
12,,Mark Rogers,26,3,1,.750,3.92,7,7,0,0,0,0,39.0,36,17,17,5,14,0,41,1,0,1,165,106,1.282,8.3,1.2,3.2,9.5,2.93
13,,Tim Dillard,28,0,2,.000,4.38,34,0,15,0,0,0,37.0,45,21,18,3,14,2,29,1,0,0,166,95,1.595,10.9,0.7,3.4,7.1,2.07
14,,Livan Hernandez,37,3,0,1.000,7.68,26,0,9,0,0,0,36.1,44,31,31,10,8,0,29,1,0,2,156,54,1.431,10.9,2.5,2.0,7.2,3.63
15,,Jimmy Henderson,29,1,3,.250,3.52,36,0,6,0,0,3,30.2,26,12,12,1,13,0,45,1,0,1,131,118,1.272,7.6,0.3,3.8,13.2,3.46
16,,Wily Peralta,23,2,1,.667,2.48,6,5,1,0,0,0,29.0,24,8,8,0,11,0,23,0,0,1,113,168,1.207,7.4,0.0,3.4,7.1,2.09
17,,Tyler Thornburg,23,0,0,,4.50,8,3,3,0,0,0,22.0,24,11,11,8,7,0,20,1,0,1,95,93,1.409,9.8,3.3,2.9,8.2,2.86
18,,Brandon Kintzler,27,3,0,1.000,3.78,14,0,1,0,0,0,16.2,18,7,7,1,7,1,14,0,0,1,72,111,1.500,9.7,0.5,3.8,7.6,2.00
19,,Mike McClendon,27,0,0,,6.43,9,0,3,0,0,0,14.0,20,11,10,1,5,0,4,3,0,1,69,66,1.786,12.9,0.6,3.2,2.6,0.80
20,,Josh Stinson,24,0,0,,0.96,6,1,2,0,0,0,9.1,7,1,1,1,5,0,3,0,0,0,38,443,1.286,6.8,1.0,4.8,2.9,0.60
21,,Chris Narveson*,30,1,1,.500,7.00,2,2,0,0,0,0,9.0,10,8,7,2,4,0,5,0,0,0,41,61,1.556,10.0,2.0,4.0,5.0,1.25
22,,Vinnie Chulk,33,1,0,1.000,10.00,7,0,4,0,0,0,9.0,17,10,10,0,4,1,10,0,0,0,48,43,2.333,17.0,0.0,4.0,10.0,2.50
23,,Juan Perez*,33,0,1,.000,5.14,10,0,5,0,0,0,7.0,6,4,4,2,8,1,10,1,0,0,35,84,2.000,7.7,2.6,10.3,12.9,1.25
1,SP,A.J. Burnett,35,16,10,.615,3.51,31,31,0,1,1,0,202.1,189,86,79,18,62,1,180,9,0,10,851,106,1.241,8.4,0.8,2.8,8.0,2.90
2,SP,James McDonald,27,12,8,.600,4.21,30,29,0,1,0,0,171.0,147,85,80,21,69,6,151,4,0,3,713,88,1.263,7.7,1.1,3.6,7.9,2.19
3,SP,Kevin Correia,31,12,11,.522,4.21,32,28,0,0,0,0,171.0,176,89,80,20,46,2,89,3,0,2,728,88,1.298,9.3,1.1,2.4,4.7,1.93
4,SP,Erik Bedard*,33,7,14,.333,5.01,24,24,0,0,0,0,125.2,129,76,70,14,56,2,118,3,1,1,557,74,1.472,9.2,1.0,4.0,8.5,2.11
5,SP,Jeff Karstens,29,5,4,.556,3.97,19,15,0,0,0,0,90.2,89,41,40,8,15,0,66,1,1,3,372,94,1.147,8.8,0.8,1.5,6.6,4.40
6,SP,Wandy Rodriguez*,33,5,4,.556,3.72,13,12,1,0,0,0,75.0,71,33,31,8,24,2,50,1,0,0,317,100,1.267,8.5,1.0,2.9,6.0,2.08
7,CL,Joel Hanrahan,30,5,2,.714,2.72,63,0,57,0,0,36,59.2,40,18,18,8,36,0,67,1,0,6,254,138,1.274,6.0,1.2,5.4,10.1,1.86
8,RP,Jared Hughes,26,2,2,.500,2.85,66,0,20,0,0,2,75.2,65,30,24,7,22,4,50,5,0,5,316,131,1.150,7.7,0.8,2.6,5.9,2.27
9,RP,Chris Resop,29,1,4,.200,3.91,61,0,13,0,0,1,73.2,81,35,32,6,24,6,46,2,0,2,330,96,1.425,9.9,0.7,2.9,5.6,1.92
10,RP,Jason Grilli,35,1,6,.143,2.91,64,0,11,0,0,2,58.2,45,20,19,7,22,4,90,2,0,0,244,128,1.142,6.9,1.1,3.4,13.8,4.09
11,RP,Tony Watson*,27,5,2,.714,3.38,68,0,10,0,0,0,53.1,37,21,20,5,23,1,53,1,0,1,215,111,1.125,6.2,0.8,3.9,8.9,2.30
12,,Brad Lincoln,27,4,2,.667,2.73,28,5,6,0,0,1,59.1,51,19,18,8,14,1,60,1,0,0,239,137,1.096,7.7,1.2,2.1,9.1,4.29
13,,Charlie Morton,28,2,6,.250,4.65,9,9,0,0,0,0,50.1,62,30,26,5,11,1,25,2,0,4,223,81,1.450,11.1,0.9,2.0,4.5,2.27
14,,Juan Cruz,33,1,1,.500,2.78,43,0,11,0,0,3,35.2,39,12,11,3,19,0,33,3,0,1,162,135,1.626,9.8,0.8,4.8,8.3,1.74
15,,Jeff Locke*,24,1,3,.250,5.50,8,6,1,0,0,0,34.1,36,21,21,6,11,0,34,1,0,0,148,68,1.369,9.4,1.6,2.9,8.9,3.09
16,,Kyle McPherson,24,0,2,.000,2.73,10,3,2,0,0,0,26.1,24,8,8,3,7,0,21,2,1,0,107,138,1.177,8.2,1.0,2.4,7.2,3.00
17,,Chad Qualls,33,0,0,,6.59,17,0,5,0,0,0,13.2,14,11,10,0,2,0,6,0,0,0,58,58,1.171,9.2,0.0,1.3,4.0,3.00
18,,Doug Slaten*,32,0,0,,2.77,10,0,4,0,0,0,13.0,9,4,4,1,8,0,6,0,0,1,55,138,1.308,6.2,0.7,5.5,4.2,0.75
19,,Evan Meek,29,0,0,,6.75,12,0,5,0,0,0,12.0,14,9,9,1,6,0,8,1,0,1,57,57,1.667,10.5,0.8,4.5,6.0,1.33
20,,Chris Leroux,28,0,0,,5.56,10,0,3,0,0,0,11.1,11,9,7,1,2,0,12,1,0,1,48,69,1.147,8.7,0.8,1.6,9.5,6.00
21,,Hisanori Takahashi*,37,0,0,,8.64,9,0,2,0,0,0,8.1,10,8,8,2,4,0,11,0,0,0,39,45,1.680,10.8,2.2,4.3,11.9,2.75
22,,Bryan Morris,25,0,0,,1.80,5,0,2,0,0,0,5.0,2,2,1,0,2,0,6,1,0,1,20,223,0.800,3.6,0.0,3.6,10.8,3.00
23,,Justin Wilson*,24,0,0,,1.93,8,0,3,0,0,0,4.2,10,1,1,0,3,0,7,0,0,1,26,210,2.786,19.3,0.0,5.8,13.5,2.33
24,,Rick van den Hurk,27,0,1,.000,13.50,4,0,3,0,0,0,2.2,5,4,4,0,1,0,3,1,0,2,16,32,2.250,16.9,0.0,3.4,10.1,3.00
25,,Daniel McCutchen,29,0,1,.000,inf,1,0,1,0,0,0,0.0,1,2,2,1,1,0,0,0,0,0,2,8,,,,,,0.00
1,SP,Jeff Samardzija,27,9,13,.409,3.81,28,28,0,1,0,0,174.2,157,79,74,20,56,2,180,4,0,10,723,105,1.219,8.1,1.0,2.9,9.3,3.21
2,SP,Travis Wood*,25,6,13,.316,4.27,26,26,0,0,0,0,156.0,133,80,74,25,54,3,119,8,1,2,649,94,1.199,7.7,1.4,3.1,6.9,2.20
3,SP,Paul Maholm*,30,9,6,.600,3.74,21,20,0,0,0,0,120.1,115,51,50,12,34,2,81,10,0,4,503,107,1.238,8.6,0.9,2.5,6.1,2.38
4,SP,Chris Volstad,25,3,12,.200,6.31,21,21,0,0,0,0,111.1,137,81,78,16,43,4,61,3,1,2,507,64,1.617,11.1,1.3,3.5,4.9,1.42
5,SP,Ryan Dempster,35,5,5,.500,2.25,16,16,0,0,0,0,104.0,81,28,26,9,27,0,83,1,1,0,417,178,1.038,7.0,0.8,2.3,7.2,3.07
6,SP,Matt Garza,28,5,7,.417,3.91,18,18,0,0,0,0,103.2,90,48,45,15,32,0,96,4,0,1,424,103,1.177,7.8,1.3,2.8,8.3,3.00
7,CL,Carlos Marmol,29,3,3,.500,3.42,61,0,47,0,0,20,55.1,40,24,21,4,45,0,72,2,0,2,247,118,1.536,6.5,0.7,7.3,11.7,1.60
8,RP,Shawn Camp,36,3,6,.333,3.59,80,0,21,0,0,2,77.2,79,32,31,7,21,4,54,0,0,1,327,112,1.288,9.2,0.8,2.4,6.3,2.57
9,RP,James Russell*,26,7,1,.875,3.25,77,0,19,0,0,2,69.1,67,28,25,5,23,7,55,1,1,1,292,124,1.298,8.7,0.6,3.0,7.1,2.39
10,RP,Manny Corpas,29,0,2,.000,5.01,48,0,11,0,0,0,46.2,50,27,26,7,16,3,28,5,0,1,205,80,1.414,9.6,1.4,3.1,5.4,1.75
11,RP,Rafael Dolis,24,2,4,.333,6.39,34,0,15,0,0,4,38.0,40,29,27,5,23,1,24,3,0,1,173,63,1.658,9.5,1.2,5.4,5.7,1.04
12,,Justin Germano,29,2,10,.167,6.75,13,12,0,0,0,0,64.0,81,52,48,7,19,2,45,7,0,4,296,59,1.563,11.4,1.0,2.7,6.3,2.37
13,,Michael Bowden,25,0,0,,2.95,30,0,11,0,0,0,36.2,30,12,12,4,16,1,29,1,0,1,154,137,1.255,7.4,1.0,3.9,7.1,1.81
14,,Chris Rusin*,25,2,3,.400,6.37,7,7,0,0,0,0,29.2,38,22,21,4,11,0,21,3,0,0,135,63,1.652,11.5,1.2,3.3,6.4,1.91
15,,Randy Wells,29,1,2,.333,5.34,12,4,2,0,0,0,28.2,35,18,17,1,24,1,14,2,0,1,143,76,2.058,11.0,0.3,7.5,4.4,0.58
16,,Casey Coleman,24,0,2,.000,7.40,17,1,5,0,0,0,24.1,37,20,20,5,12,0,16,0,0,1,119,55,2.014,13.7,1.8,4.4,5.9,1.33
17,,Brooks Raley*,24,1,2,.333,8.14,5,5,0,0,0,0,24.1,33,23,22,7,11,0,16,0,0,0,116,50,1.808,12.2,2.6,4.1,5.9,1.45
18,,Alberto Cabrera,23,1,1,.500,5.40,25,0,6,0,0,0,21.2,16,15,13,1,18,1,27,1,0,5,99,75,1.569,6.6,0.4,7.5,11.2,1.50
19,,Scott Maine*,27,1,1,.500,4.79,21,0,5,0,0,0,20.2,17,11,11,2,12,0,26,4,0,2,94,85,1.403,7.4,0.9,5.2,11.3,2.17
20,,Jason Berken,28,0,3,.000,4.82,4,4,0,0,0,0,18.2,23,14,10,3,6,0,11,1,0,1,85,84,1.554,11.1,1.4,2.9,5.3,1.83
21,,Jeff Beliveau*,25,1,0,1.000,4.58,22,0,4,0,0,0,17.2,21,9,9,5,12,1,17,1,1,1,86,89,1.868,10.7,2.5,6.1,8.7,1.42
22,,Lendy Castillo,23,0,1,.000,7.88,13,0,2,0,0,0,16.0,24,16,14,2,12,0,13,3,0,2,88,52,2.250,13.5,1.1,6.8,7.3,1.08
23,,Jairo Asencio,29,0,0,,3.07,12,0,4,0,0,0,14.2,12,6,5,1,11,1,8,0,0,0,67,133,1.568,7.4,0.6,6.8,4.9,0.73
24,,Jaye Chapman,25,0,1,.000,3.75,14,0,5,0,0,0,12.0,8,5,5,0,10,2,12,0,0,0,50,110,1.500,6.0,0.0,7.5,9.0,1.20
25,,Kerry Wood,35,0,2,.000,8.31,10,0,0,0,0,0,8.2,8,8,8,1,11,0,6,0,0,1,42,50,2.192,8.3,1.0,11.4,6.2,0.55
26,,Rodrigo Lopez,36,0,1,.000,5.68,4,0,2,0,0,0,6.1,8,6,4,0,5,0,2,1,0,0,34,74,2.053,11.4,0.0,7.1,2.8,0.40
27,,Miguel Socolovich,25,0,0,,4.50,6,0,1,0,0,0,6.0,4,3,3,1,3,0,6,0,0,0,25,94,1.167,6.0,1.5,4.5,9.0,2.00
28,,Blake Parker,27,0,0,,6.00,7,0,0,0,0,0,6.0,10,7,4,3,5,1,6,0,0,0,32,71,2.500,15.0,4.5,7.5,9.0,1.20
29,,Alex Hinshaw*,29,0,0,,135.00,2,0,0,0,0,0,0.1,4,5,5,3,1,0,0,0,0,0,6,6,15.000,108.0,81.0,27.0,0.0,0.00
30,,Joe Mather,29,0,0,,0.00,1,0,1,0,0,0,0.1,1,0,0,0,0,0,0,0,0,0,2,,3.000,27.0,0.0,0.0,0.0
1,SP,Lucas Harrell,27,11,11,.500,3.76,32,32,0,1,1,0,193.2,185,90,81,13,78,5,140,1,3,10,827,106,1.358,8.6,0.6,3.6,6.5,1.79
2,SP,Bud Norris,27,7,13,.350,4.65,29,29,0,0,0,0,168.1,165,90,87,23,66,2,165,8,0,8,733,86,1.372,8.8,1.2,3.5,8.8,2.50
3,SP,Jordan Lyles,21,5,12,.294,5.09,25,25,0,1,1,0,141.1,159,97,80,20,42,4,99,5,0,2,628,79,1.422,10.1,1.3,2.7,6.3,2.36
4,SP,Wandy Rodriguez*,33,7,9,.438,3.79,21,21,0,0,0,0,130.2,134,66,55,13,32,2,89,2,0,5,558,106,1.270,9.2,0.9,2.2,6.1,2.78
5,SP,J.A. Happ*,29,7,9,.438,4.83,18,18,0,0,0,0,104.1,112,58,56,17,39,0,98,1,0,5,457,83,1.447,9.7,1.5,3.4,8.5,2.51
6,SP,Dallas Keuchel*,24,3,8,.273,5.27,16,16,0,1,0,0,85.1,93,56,50,14,39,1,38,1,0,2,377,76,1.547,9.8,1.5,4.1,4.0,0.97
7,CL,Brett Myers,31,0,4,.000,3.52,35,0,29,0,0,19,30.2,35,17,12,4,6,1,20,2,0,1,134,115,1.337,10.3,1.2,1.8,5.9,3.33
8,RP,Fernando Rodriguez,28,2,10,.167,5.37,71,0,9,0,0,0,70.1,68,45,42,10,34,7,78,1,0,10,309,75,1.450,8.7,1.3,4.4,10.0,2.29
9,RP,Wilton Lopez,28,6,3,.667,2.17,64,0,28,0,0,10,66.1,61,18,16,4,8,2,54,2,0,1,260,185,1.040,8.3,0.5,1.1,7.3,6.75
10,RP,Rhiner Cruz,25,1,1,.500,6.05,52,0,26,0,0,0,55.0,65,38,37,8,29,0,46,2,0,3,253,66,1.709,10.6,1.3,4.7,7.5,1.59
11,RP,Wesley Wright*,27,2,2,.500,3.27,77,0,13,0,0,1,52.1,45,20,19,4,17,0,54,6,0,1,223,123,1.185,7.7,0.7,2.9,9.3,3.18
12,,Fernando Abad*,26,0,6,.000,5.09,37,6,8,0,0,0,46.0,57,27,26,6,19,1,38,3,0,4,208,79,1.652,11.2,1.2,3.7,7.4,2.00
13,,Brandon Lyon,32,0,2,.000,3.25,37,0,11,0,0,0,36.0,37,13,13,3,11,2,35,2,0,5,154,124,1.333,9.3,0.8,2.8,8.8,3.18
14,,Xavier Cedeno*,25,0,1,.000,3.77,44,0,12,0,0,1,31.0,30,15,13,3,14,1,36,1,0,3,138,107,1.419,8.7,0.9,4.1,10.5,2.57
15,,Mickey Storey,26,0,1,.000,3.86,26,0,3,0,0,0,30.1,27,14,13,2,10,0,34,1,0,0,127,105,1.220,8.0,0.6,3.0,10.1,3.40
16,,David Carpenter,26,0,2,.000,6.07,30,0,8,0,0,0,29.2,43,21,20,4,14,3,27,1,0,2,143,67,1.921,13.0,1.2,4.2,8.2,1.93
17,,Edgar Gonzalez,29,3,1,.750,5.04,6,6,0,0,0,0,25.0,23,14,14,3,8,0,18,0,0,1,105,80,1.240,8.3,1.1,2.9,6.5,2.25
18,,Armando Galarraga,30,0,4,.000,6.75,5,5,0,0,0,0,24.0,28,20,18,6,18,1,17,2,1,1,120,60,1.917,10.5,2.3,6.8,6.4,0.94
19,,C.J. Fick,26,0,1,.000,4.30,18,0,2,0,0,0,23.0,24,13,11,4,17,4,17,2,1,4,107,94,1.783,9.4,1.6,6.7,6.7,1.00
20,,Hector Ambriz,28,1,1,.500,4.19,18,0,2,0,0,0,19.1,14,9,9,0,11,2,22,2,0,4,83,97,1.293,6.5,0.0,5.1,10.2,2.00
21,,Enerio Del Rosario,26,0,0,,9.00,19,0,3,0,0,0,19.0,34,21,19,1,7,0,11,2,0,0,97,45,2.158,16.1,0.5,3.3,5.2,1.57
22,,Kyle Weiland,25,0,3,.000,6.62,3,3,0,0,0,0,17.2,24,13,13,5,7,0,13,0,1,1,79,62,1.755,12.2,2.5,3.6,6.6,1.86
23,,Jose Valdez,29,0,0,,2.25,12,0,3,0,0,0,12.0,12,4,3,1,8,1,10,0,0,1,57,183,1.667,9.0,0.8,6.0,7.5,1.25
24,,Aneury Rodriguez,24,0,0,,3.00,1,1,0,0,0,0,6.0,2,2,2,2,2,0,6,0,0,0,22,142,0.667,3.0,3.0,3.0,9.0,3.00
25,,Francisco Cordero,37,0,3,.000,19.80,6,0,1,0,0,0,5.0,13,11,11,2,4,1,5,1,0,1,32,22,3.400,23.4,3.6,7.2,9.0,1.25
26,,Brian Bogusevic*,28,0,0,,18.00,1,0,1,0,0,0,1.0,3,2,2,1,0,0,0,0,0,0,7,31,3.000,27.0,9.0,0.0,0.0
1,SP,Matt Cain,27,16,5,.762,2.79,32,32,0,2,2,0,219.1,177,73,68,21,51,1,193,9,0,8,876,126,1.040,7.3,0.9,2.1,7.9,3.78
2,SP,Madison Bumgarner*,22,16,11,.593,3.37,32,32,0,2,1,0,208.1,183,87,78,23,49,6,191,7,2,3,849,105,1.114,7.9,1.0,2.1,8.3,3.90
3,SP,Ryan Vogelsong,34,14,9,.609,3.37,31,31,0,0,0,0,189.2,171,76,71,17,62,7,158,8,0,3,788,105,1.228,8.1,0.8,2.9,7.5,2.55
4,SP,Tim Lincecum,28,10,15,.400,5.18,33,33,0,0,0,0,186.0,183,111,107,23,90,3,190,4,2,17,825,68,1.468,8.9,1.1,4.4,9.2,2.11
5,SP,Barry Zito*,34,15,8,.652,4.15,32,32,0,1,1,0,184.1,186,91,85,20,70,6,114,5,0,1,799,85,1.389,9.1,1.0,3.4,5.6,1.63
6,CL,Santiago Casilla,31,7,6,.538,2.84,73,0,37,0,0,25,63.1,55,24,20,8,22,4,55,2,0,1,272,125,1.216,7.8,1.1,3.1,7.8,2.50
7,RP,Jeremy Affeldt*,33,1,2,.333,2.70,67,0,10,0,0,3,63.1,57,23,19,1,23,1,57,3,0,5,267,131,1.263,8.1,0.1,3.3,8.1,2.48
8,RP,Sergio Romo,29,4,2,.667,1.79,69,0,27,0,0,14,55.1,37,11,11,5,10,1,63,3,0,2,215,198,0.849,6.0,0.8,1.6,10.2,6.30
9,RP,Clay Hensley,32,4,5,.444,4.62,60,0,14,0,0,3,50.2,50,30,26,5,30,2,42,3,0,1,234,77,1.579,8.9,0.9,5.3,7.5,1.40
10,RP,Javier Lopez*,34,3,0,1.000,2.50,70,0,19,0,0,7,36.0,37,13,10,1,14,3,28,0,0,2,153,142,1.417,9.3,0.3,3.5,7.0,2.00
11,,George Kontos,27,2,1,.667,2.47,44,0,9,0,0,0,43.2,34,15,12,3,12,0,44,0,0,1,177,144,1.053,7.0,0.6,2.5,9.1,3.67
12,,Brad Penny,34,0,1,.000,6.11,22,0,8,0,0,0,28.0,42,22,19,4,9,2,10,1,0,2,133,58,1.821,13.5,1.3,2.9,3.2,1.11
13,,Shane Loux,32,1,0,1.000,4.97,19,0,6,0,0,0,25.1,32,15,14,3,9,1,9,0,0,1,112,72,1.618,11.4,1.1,3.2,3.2,1.00
14,,Guillermo Mota,38,0,1,.000,5.23,26,0,4,0,0,0,20.2,24,13,12,3,8,0,24,2,0,0,91,69,1.548,10.5,1.3,3.5,10.5,3.00
15,,Jose Mijares*,27,1,0,1.000,2.55,27,0,3,0,0,0,17.2,14,5,5,0,8,2,20,0,0,2,74,141,1.245,7.1,0.0,4.1,10.2,2.50
16,,Steve Edlefsen,27,0,1,.000,4.70,14,0,6,0,0,0,15.1,20,8,8,1,6,0,9,0,0,0,69,77,1.696,11.7,0.6,3.5,5.3,1.50
17,,Dan Otero,27,0,0,,5.84,12,0,4,0,0,0,12.1,19,11,8,0,2,1,8,2,0,1,57,62,1.703,13.9,0.0,1.5,5.8,4.00
18,,Eric Hacker,29,0,1,.000,5.59,4,1,2,0,0,0,9.2,14,6,6,2,2,1,8,1,0,0,45,66,1.655,13.0,1.9,1.9,7.4,4.00
19,,Jean Machi,30,0,0,,6.75,8,0,5,0,0,0,6.2,7,5,5,2,1,0,4,0,0,0,28,55,1.200,9.5,2.7,1.4,5.4,4.00
20,,Travis Blackley*,29,0,0,,9.00,4,0,1,0,0,0,5.0,7,6,5,0,2,0,2,0,0,1,25,42,1.800,12.6,0.0,3.6,3.6,1.00
21,,Yusmeiro Petit,27,0,0,,3.86,1,1,0,0,0,0,4.2,7,2,2,0,4,0,1,0,0,1,22,100,2.357,13.5,0.0,7.7,1.9,0.25
22,,Dan Runzler*,27,0,0,,0.00,6,0,0,0,0,0,3.2,1,0,0,0,3,1,5,1,0,1,15,,1.091,2.5,0.0,7.4,12.3,1.67
23,,Brian Wilson,30,0,0,,9.00,2,0,2,0,0,1,2.0,4,2,2,0,2,0,2,0,0,1,12,48,3.000,18.0,0.0,9.0,9.0,1.00
1,SP,Clayton Kershaw*,24,14,9,.609,2.53,33,33,0,2,2,0,227.2,170,70,64,16,63,5,229,5,2,6,901,150,1.023,6.7,0.6,2.5,9.1,3.63
2,SP,Chris Capuano*,33,12,12,.500,3.72,33,33,0,0,0,0,198.1,188,91,82,25,54,4,162,2,0,6,817,102,1.220,8.5,1.1,2.5,7.4,3.00
3,SP,Aaron Harang,34,10,10,.500,3.61,31,31,0,0,0,0,179.2,167,85,72,14,85,10,131,4,0,4,786,105,1.403,8.4,0.7,4.3,6.6,1.54
4,SP,Chad Billingsley,27,10,9,.526,3.55,25,25,0,0,0,0,149.2,148,66,59,11,45,2,128,5,0,5,634,107,1.290,8.9,0.7,2.7,7.7,2.84
5,CL,Kenley Jansen,24,5,3,.625,2.35,65,0,40,0,0,25,65.0,33,18,17,6,22,1,99,3,0,3,252,162,0.846,4.6,0.8,3.0,13.7,4.50
6,RP,Ronald Belisario,29,8,1,.889,2.54,68,0,13,0,0,1,71.0,47,22,20,3,29,4,69,4,0,1,286,150,1.070,6.0,0.4,3.7,8.7,2.38
7,RP,Jamey Wright,37,5,3,.625,3.72,66,0,22,0,0,0,67.2,72,35,28,2,30,7,54,4,0,2,306,102,1.507,9.6,0.3,4.0,7.2,1.80
8,RP,Josh Lindblom,25,2,2,.500,3.02,48,0,12,0,0,0,47.2,42,16,16,9,18,0,43,3,0,1,197,127,1.259,7.9,1.7,3.4,8.1,2.39
9,RP,Javy Guerra,26,2,3,.400,2.60,45,0,17,0,0,8,45.0,44,13,13,1,23,5,37,1,0,1,196,147,1.489,8.8,0.2,4.6,7.4,1.61
10,,Joe Blanton,31,2,4,.333,4.99,10,10,0,0,0,0,57.2,66,32,32,7,16,3,51,0,0,1,246,76,1.422,10.3,1.1,2.5,8.0,3.19
11,,Nathan Eovaldi,22,1,6,.143,4.15,10,10,0,0,0,0,56.1,63,27,26,5,20,2,34,0,0,1,241,92,1.473,10.1,0.8,3.2,5.4,1.70
12,,Ted Lilly*,36,5,1,.833,3.14,8,8,0,0,0,0,48.2,36,23,17,3,19,1,31,2,0,3,202,122,1.130,6.7,0.6,3.5,5.7,1.63
13,,Josh Beckett,32,2,3,.400,2.93,7,7,0,0,0,0,43.0,43,16,14,5,14,4,38,0,0,1,183,131,1.326,9.0,1.0,2.9,8.0,2.71
14,,Shawn Tolleson,24,3,1,.750,4.30,40,0,12,0,0,0,37.2,30,19,18,4,20,1,39,1,0,0,160,89,1.327,7.2,1.0,4.8,9.3,1.95
15,,Scott Elbert*,26,1,1,.500,2.20,43,0,12,0,0,0,32.2,27,8,8,3,13,1,29,1,0,3,133,174,1.224,7.4,0.8,3.6,8.0,2.23
16,,Brandon League,29,2,1,.667,2.30,28,0,15,0,0,6,27.1,17,7,7,0,14,4,27,1,0,1,108,167,1.134,5.6,0.0,4.6,8.9,1.93
17,,Stephen Fife,25,0,2,.000,2.70,5,5,0,0,0,0,26.2,25,8,8,2,12,0,20,2,0,4,115,143,1.388,8.4,0.7,4.1,6.8,1.67
18,,Todd Coffey,31,1,0,1.000,4.66,23,0,5,0,0,0,19.1,17,11,10,1,9,1,18,2,0,1,83,83,1.345,7.9,0.5,4.2,8.4,2.00
19,,Matt Guerrier,33,0,2,.000,3.86,16,0,2,0,0,0,14.0,8,6,6,3,7,1,9,1,0,0,56,101,1.071,5.1,1.9,4.5,5.8,1.29
20,,Randy Choate*,36,0,0,,4.05,36,0,0,0,0,0,13.1,13,7,6,1,9,3,11,2,0,0,64,96,1.650,8.8,0.7,6.1,7.4,1.22
21,,Paco Rodriguez*,21,0,1,.000,1.35,11,0,2,0,0,0,6.2,3,1,1,0,4,1,6,0,0,0,26,298,1.050,4.1,0.0,5.4,8.1,1.50
22,,Mike MacDougal,35,0,0,,7.94,7,0,1,0,0,0,5.2,9,5,5,0,6,0,4,0,0,0,32,51,2.647,14.3,0.0,9.5,6.4,0.67
23,,Josh Wall,25,1,0,1.000,4.76,7,0,6,0,0,0,5.2,3,3,3,1,1,0,4,1,0,2,21,85,0.706,4.8,1.6,1.6,6.4,4.00
24,,John Ely,26,0,2,.000,20.25,2,0,1,0,0,0,2.2,6,6,6,0,4,2,3,1,0,0,19,22,3.750,20.3,0.0,13.5,10.1,0.75
25,,Rubby De La Rosa,23,0,0,,27.00,1,0,0,0,0,0,0.2,0,2,2,0,2,0,0,0,0,0,4,23,3.000,0.0,0.0,27.0,0.0,0.00
1,SP,Ian Kennedy,27,15,12,.556,4.02,33,33,0,1,0,0,208.1,216,101,93,28,55,4,187,14,4,5,899,102,1.301,9.3,1.2,2.4,8.1,3.40
2,SP,Trevor Cahill,24,13,12,.520,3.78,32,32,0,2,1,0,200.0,184,93,84,16,74,0,156,11,2,10,839,109,1.290,8.3,0.7,3.3,7.0,2.11
3,SP,Wade Miley*,25,16,11,.593,3.33,32,29,0,0,0,0,194.2,193,79,72,14,37,0,144,2,1,6,807,124,1.182,8.9,0.6,1.7,6.7,3.89
4,SP,Joe Saunders*,31,6,10,.375,4.22,21,21,0,1,1,0,130.0,146,68,61,17,31,1,89,2,0,2,561,98,1.362,10.1,1.2,2.1,6.2,2.87
5,SP,Patrick Corbin*,22,6,8,.429,4.54,22,17,3,0,0,1,107.0,117,56,54,14,25,2,86,4,0,1,454,91,1.327,9.8,1.2,2.1,7.2,3.44
6,CL,J.J. Putz,35,1,5,.167,2.82,57,0,52,0,0,32,54.1,45,18,17,4,11,1,65,2,0,3,218,147,1.031,7.5,0.7,1.8,10.8,5.91
7,RP,Brad Ziegler,32,6,1,.857,2.49,77,0,15,0,0,0,68.2,54,21,19,2,21,2,42,1,0,1,263,166,1.092,7.1,0.3,2.8,5.5,2.00
8,RP,David Hernandez,27,2,3,.400,2.50,72,0,21,0,0,4,68.1,48,21,19,4,22,1,98,3,1,4,278,165,1.024,6.3,0.5,2.9,12.9,4.45
9,RP,Bryan Shaw,24,1,6,.143,3.49,64,0,19,0,0,2,59.1,60,29,23,4,24,3,41,2,1,4,252,119,1.416,9.1,0.6,3.6,6.2,1.71
10,RP,Mike Zagurski*,29,0,0,,5.54,45,0,13,0,0,0,37.1,37,24,23,5,19,0,34,1,0,5,163,75,1.500,8.9,1.2,4.6,8.2,1.79
11,,Josh Collmenter,26,5,3,.625,3.69,28,11,7,0,0,0,90.1,92,39,37,13,22,2,80,0,0,1,375,112,1.262,9.2,1.3,2.2,8.0,3.64
12,,Daniel Hudson,25,3,2,.600,7.35,9,9,0,0,0,0,45.1,62,37,37,9,12,0,37,0,0,2,202,56,1.632,12.3,1.8,2.4,7.3,3.08
13,,Craig Breslow*,31,2,0,1.000,2.70,40,0,12,0,0,0,43.1,38,15,13,5,13,0,42,1,0,1,180,154,1.177,7.9,1.0,2.7,8.7,3.23
14,,Brad Bergesen,26,2,1,.667,3.64,19,0,5,0,0,0,29.2,29,14,12,2,7,0,18,1,0,2,121,114,1.213,8.8,0.6,2.1,5.5,2.57
15,,Tyler Skaggs*,20,1,3,.250,5.83,6,6,0,0,0,0,29.1,30,20,19,6,13,0,21,2,0,1,133,71,1.466,9.2,1.8,4.0,6.4,1.62
16,,Matt Albers,29,1,1,.500,2.57,23,0,4,0,0,0,21.0,16,7,6,3,7,0,19,1,0,1,84,163,1.095,6.9,1.3,3.0,8.1,2.71
17,,Trevor Bauer,21,1,2,.333,6.06,4,4,0,0,0,0,16.1,14,13,11,2,13,0,17,1,0,2,77,69,1.653,7.7,1.1,7.2,9.4,1.31
18,,Takashi Saito,42,0,0,,6.75,16,0,2,0,0,0,12.0,17,14,9,4,5,1,11,1,0,1,60,63,1.833,12.8,3.0,3.8,8.3,2.20
19,,Matt Lindstrom,32,0,0,,2.53,12,0,3,0,0,0,10.2,10,3,3,0,2,0,10,1,0,0,45,168,1.125,8.4,0.0,1.7,8.4,5.00
20,,Jonathan Albaladejo,29,0,0,,9.00,3,0,0,0,0,0,3.0,5,3,3,1,0,0,2,1,1,0,15,51,1.667,15.0,3.0,0.0,6.0,
21,,Joe Paterson*,26,0,0,,37.13,6,0,0,0,0,0,2.2,15,11,11,2,3,0,0,0,0,0,26,13,6.750,50.6,6.8,10.1,0.0,0.00
22,,Sam Demel,26,0,1,.000,9.00,1,0,1,0,0,0,1.0,2,1,1,0,1,1,0,0,0,0,6,63,3.000,18.0,0.0,9.0,0.0,0.00
23,,Joe Martinez,29,0,0,,9.00,1,0,1,0,0,0,1.0,2,1,1,0,0,0,1,0,0,0,5,63,2.000,18.0,0.0,0.0,9.0
1,SP,Clayton Richard*,28,14,14,.500,3.99,33,33,0,1,1,0,218.2,228,110,97,31,42,4,107,6,2,4,910,91,1.235,9.4,1.3,1.7,4.4,2.55
2,SP,Edinson Volquez,28,11,11,.500,4.14,32,32,0,1,1,0,182.2,160,88,84,14,105,6,174,9,1,9,802,88,1.451,7.9,0.7,5.2,8.6,1.66
3,SP,Anthony Bass,24,2,8,.200,4.73,24,15,3,1,0,1,97.0,89,59,51,10,39,3,80,1,1,5,411,77,1.320,8.3,0.9,3.6,7.4,2.05
4,SP,Jason Marquis,33,6,7,.462,4.04,15,15,0,1,1,0,93.2,94,53,42,14,28,3,79,1,0,5,401,90,1.302,9.0,1.3,2.7,7.6,2.82
5,SP,Eric Stults*,32,8,3,.727,2.92,18,14,1,0,0,0,92.1,86,36,30,7,23,0,51,1,1,1,383,125,1.181,8.4,0.7,2.2,5.0,2.22
6,CL,Huston Street,28,2,1,.667,1.85,40,0,36,0,0,23,39.0,17,8,8,2,11,1,47,0,0,1,144,199,0.718,3.9,0.5,2.5,10.8,4.27
7,RP,Luke Gregerson,28,2,0,1.000,2.39,77,0,15,0,0,9,71.2,57,19,19,7,21,3,72,3,0,3,294,153,1.088,7.2,0.9,2.6,9.0,3.43
8,RP,Brad Brach,26,2,4,.333,3.78,67,0,13,0,0,0,66.2,50,28,28,11,33,7,75,2,0,4,280,97,1.245,6.8,1.5,4.5,10.1,2.27
9,RP,Dale Thayer,31,2,2,.500,3.43,64,0,21,0,0,7,57.2,53,24,22,4,12,4,47,1,0,2,235,107,1.127,8.3,0.6,1.9,7.3,3.92
10,RP,Joe Thatcher*,30,1,4,.200,3.41,55,0,13,0,0,1,31.2,30,13,12,2,14,3,39,3,1,0,141,108,1.389,8.5,0.6,4.0,11.1,2.79
11,,Ross Ohlendorf,29,4,4,.500,7.77,13,9,2,0,0,0,48.2,62,44,42,7,24,0,39,1,1,2,233,47,1.767,11.5,1.3,4.4,7.2,1.63
12,,Andrew Cashner,25,3,4,.429,4.27,33,5,5,0,0,0,46.1,42,23,22,5,19,1,52,1,0,2,196,86,1.317,8.2,1.0,3.7,10.1,2.74
13,,Andrew Werner*,25,2,3,.400,5.58,8,8,0,0,0,0,40.1,45,26,25,5,14,1,35,1,1,1,177,66,1.463,10.0,1.1,3.1,7.8,2.50
14,,Kip Wells,35,2,4,.333,4.58,7,7,0,0,0,0,37.1,41,23,19,6,20,1,19,1,0,4,169,80,1.634,9.9,1.4,4.8,4.6,0.95
15,,Miles Mikolas,23,2,1,.667,3.62,25,0,9,0,0,0,32.1,32,15,13,4,15,0,23,2,0,2,144,102,1.454,8.9,1.1,4.2,6.4,1.53
16,,Cory Luebke*,27,3,1,.750,2.61,5,5,0,0,0,0,31.0,28,10,9,1,8,0,23,0,0,0,130,141,1.161,8.1,0.3,2.3,6.7,2.88
17,,Jeff Suppan,37,2,3,.400,5.28,6,6,0,0,0,0,30.2,34,19,18,4,13,3,7,0,0,0,137,70,1.533,10.0,1.2,3.8,2.1,0.54
18,,Casey Kelly,22,2,3,.400,6.21,6,6,0,0,0,0,29.0,39,23,20,5,10,1,26,2,0,0,136,59,1.690,12.1,1.6,3.1,8.1,2.60
19,,Alex Hinshaw*,29,1,1,.500,4.50,31,0,7,0,0,0,28.0,23,14,14,5,20,2,36,2,0,1,129,82,1.536,7.4,1.6,6.4,11.6,1.80
20,,Joe Wieland,22,0,4,.000,4.55,5,5,0,0,0,0,27.2,26,16,14,5,9,2,24,1,0,1,119,81,1.265,8.5,1.6,2.9,7.8,2.67
21,,Brad Boxberger,24,0,0,,2.60,24,0,4,0,0,0,27.2,22,12,8,3,18,1,33,2,0,0,120,142,1.446,7.2,1.0,5.9,10.7,1.83
22,,Nick Vincent,25,2,0,1.000,1.71,27,0,3,0,0,0,26.1,19,5,5,2,7,0,28,1,0,1,105,216,0.987,6.5,0.7,2.4,9.6,4.00
23,,Cory Burns,24,0,1,.000,5.50,17,0,9,0,0,0,18.0,26,11,11,1,10,1,18,1,0,1,92,68,2.000,13.0,0.5,5.0,9.0,1.80
24,,Tommy Layne*,27,2,0,1.000,3.24,26,0,5,0,0,2,16.2,9,6,6,0,3,0,25,3,0,0,68,115,0.720,4.9,0.0,1.6,13.5,8.33
25,,Ernesto Frieri,26,1,0,1.000,2.31,11,0,5,0,0,0,11.2,9,5,3,2,4,0,18,2,0,0,50,163,1.114,6.9,1.5,3.1,13.9,4.50
26,,Josh Spence*,24,0,1,.000,4.35,11,0,3,0,0,0,10.1,13,5,5,1,5,1,10,0,0,0,48,87,1.742,11.3,0.9,4.4,8.7,2.00
27,,Micah Owings,29,0,2,.000,2.79,6,0,3,0,0,0,9.2,8,4,3,1,5,0,7,1,0,0,41,136,1.345,7.4,0.9,4.7,6.5,1.40
28,,Tim Stauffer,30,0,0,,5.40,1,1,0,0,0,0,5.0,7,4,3,1,3,0,5,0,0,0,24,73,2.000,12.6,1.8,5.4,9.0,1.67
29,,Dustin Moseley,30,0,0,,9.00,1,1,0,0,0,0,5.0,5,5,5,1,2,0,4,0,0,0,22,44,1.400,9.0,1.8,3.6,7.2,2.00
30,,Matt Palmer,33,0,0,,9.00,3,0,1,0,0,0,2.0,2,2,2,1,2,0,2,0,0,0,10,49,2.000,9.0,4.5,9.0,9.0,1.00
1,SP,Jeff Francis*,31,6,7,.462,5.58,24,24,0,0,0,0,113.0,145,71,70,15,22,5,76,8,0,2,502,85,1.478,11.5,1.2,1.8,6.1,3.45
2,SP,Alex White,23,2,9,.182,5.51,23,20,0,0,0,0,98.0,114,66,60,13,51,9,64,5,0,6,459,86,1.684,10.5,1.2,4.7,5.9,1.25
3,SP,Drew Pomeranz*,23,2,9,.182,4.93,22,22,0,0,0,0,96.2,97,57,53,14,46,2,83,4,1,8,434,96,1.479,9.0,1.3,4.3,7.7,1.80
4,SP,Jeremy Guthrie,33,3,9,.250,6.35,19,15,0,0,0,0,90.2,122,72,64,21,31,2,45,7,1,1,422,75,1.688,12.1,2.1,3.1,4.5,1.45
5,SP,Christian Friedrich*,24,5,8,.385,6.17,16,16,0,0,0,0,84.2,102,61,58,14,30,0,74,2,0,8,377,77,1.559,10.8,1.5,3.2,7.9,2.47
6,SP,Jhoulys Chacin,24,3,5,.375,4.43,14,14,0,0,0,0,69.0,80,35,34,10,32,0,45,2,0,3,314,107,1.623,10.4,1.3,4.2,5.9,1.41
7,CL,Rafael Betancourt,37,1,4,.200,2.81,60,0,53,0,0,31,57.2,53,19,18,6,12,4,57,0,1,0,236,170,1.127,8.3,0.9,1.9,8.9,4.75
8,RP,Josh Roenicke,29,4,2,.667,3.25,63,0,14,0,0,1,88.2,85,40,32,9,43,3,54,2,0,8,383,146,1.444,8.6,0.9,4.4,5.5,1.26
9,RP,Matt Belisle,32,3,8,.273,3.71,80,0,14,0,0,3,80.0,91,36,33,5,18,6,69,3,1,1,348,128,1.363,10.2,0.6,2.0,7.8,3.83
10,RP,Rex Brothers*,24,8,2,.800,3.86,75,0,10,0,0,0,67.2,63,33,29,5,37,7,83,1,1,5,295,124,1.478,8.4,0.7,4.9,11.0,2.24
11,RP,Matt Reynolds*,27,3,1,.750,4.40,71,0,16,0,0,0,57.1,65,31,28,11,17,4,51,0,1,5,249,108,1.430,10.2,1.7,2.7,8.0,3.00
12,,Adam Ottavino,26,5,1,.833,4.56,53,0,6,0,0,0,79.0,76,42,40,9,34,7,81,1,0,8,339,104,1.392,8.7,1.0,3.9,9.2,2.38
13,,Tyler Chatwood,22,5,6,.455,5.43,19,12,3,0,0,1,64.2,74,43,39,9,33,2,41,0,0,4,294,88,1.655,10.3,1.3,4.6,5.7,1.24
14,,Juan Nicasio,25,2,3,.400,5.28,11,11,0,0,0,0,58.0,72,37,34,7,22,1,54,1,0,4,257,90,1.621,11.2,1.1,3.4,8.4,2.45
15,,Jamie Moyer*,49,2,5,.286,5.70,10,10,0,0,0,0,53.2,75,40,34,11,18,2,36,2,0,0,254,84,1.733,12.6,1.8,3.0,6.0,2.00
16,,Carlos Torres,29,5,3,.625,5.26,31,0,9,0,0,0,53.0,49,31,31,2,26,1,42,4,0,6,231,91,1.415,8.3,0.3,4.4,7.1,1.62
17,,Guillermo Moscoso,28,3,2,.600,6.12,23,3,4,0,0,0,50.0,67,34,34,8,19,0,47,1,0,5,231,78,1.720,12.1,1.4,3.4,8.5,2.47
18,,Josh Outman*,27,1,3,.250,8.19,27,7,3,0,0,0,40.2,47,37,37,7,20,0,40,0,0,5,185,58,1.648,10.4,1.5,4.4,8.9,2.00
19,,Esmil Rogers,26,0,2,.000,8.06,23,0,6,0,0,0,25.2,36,23,23,2,18,2,29,2,0,5,131,60,2.104,12.6,0.7,6.3,10.2,1.61
20,,Edgmer Escalona,25,0,1,.000,6.04,22,0,6,0,0,0,22.1,23,16,15,5,7,1,21,1,0,2,97,80,1.343,9.3,2.0,2.8,8.5,3.00
21,,Will Harris,27,1,1,.500,8.15,20,0,10,0,0,0,17.2,27,18,16,3,6,1,19,1,0,4,89,59,1.868,13.8,1.5,3.1,9.7,3.17
22,,Mike Ekstrom,28,0,0,,6.32,15,0,5,0,0,0,15.2,21,11,11,1,2,0,9,0,0,0,72,77,1.468,12.1,0.6,1.1,5.2,4.50
23,,Jonathan Sanchez*,29,0,3,.000,9.53,3,3,0,0,0,0,11.1,17,13,12,3,9,1,9,0,0,2,57,51,2.294,13.5,2.4,7.1,7.1,1.00
24,,Jorge De La Rosa*,31,0,2,.000,9.28,3,3,0,0,0,0,10.2,17,14,11,5,2,0,6,0,0,2,53,53,1.781,14.3,4.2,1.7,5.1,3.00
25,,Rob Scahill,25,0,0,,1.04,6,0,3,0,0,0,8.2,7,1,1,0,3,0,4,0,0,0,33,474,1.154,7.3,0.0,3.1,4.2,1.33
26,,Edwar Cabrera*,24,0,2,.000,11.12,2,2,0,0,0,0,5.2,9,9,7,3,7,1,5,0,0,0,33,45,2.824,14.3,4.8,11.1,7.9,0.71
27,,Zach Putnam,24,0,0,,0.00,2,0,0,0,0,0,2.0,3,0,0,0,1,0,0,0,0,0,9,,2.000,13.5,0.0,4.5,0.0,0.00
