create  table PITCHEO_JUGADOR_EQUIPO(codigo int not null primary key, equipo int not null references EQUIPOS(codigo), anio int not null,posicion char(2) CHECK(posicion in ('C','SP','RP', 'DH', 'MI', 'OF', 'UT', 'P', 'IF', 'CL', 'CI','1B','2B','3B','SS','LF','CF','RF')), jugador int not null REFERENCES JUGADORES(codigo), edad int, wins int, losses int, wl_p decimal, era decimal, games_played int, games_started int, games_finished int, complete_games int, shutouts int, saves int, innings_pitched decimal, hits int, runs int, earned_runs int, home_runs int, walks int, intentional_walks int, strikeouts int, hpb int, balks int, wild_pitches int, batters_faced int, era_plus int, whip decimal, h9 decimal, hr9 decimal, bb9 decimal, so9 decimal,sobb decimal);
insert into PITCHEO_JUGADOR_EQUIPO values( 1, 2, 2012, 'SP', 712, 37, 16, 11, .593, 3.32, 33, 33, 0, 3, 2, 0, 219.2, 205, 86, 81, 25, 51, 2, 167, 8, 0, 13, 891, 125, 1.165, 8.4, 1.0, 2.1, 6.8, 3.27);
insert into PITCHEO_JUGADOR_EQUIPO values( 2, 2, 2012, 'SP', 715, 31, 15, 6, .714, 3.38, 28, 28, 0, 2, 0, 0, 200.0, 184, 89, 75, 22, 44, 2, 197, 8, 1, 4, 833, 123, 1.140, 8.3, 1.0, 2.0, 8.9, 4.48);
insert into PITCHEO_JUGADOR_EQUIPO values( 3, 2, 2012, 'SP', 711, 26, 16, 13, .552, 4.23, 32, 32, 0, 1, 0, 0, 191.1, 196, 101, 90, 35, 46, 0, 165, 6, 0, 3, 815, 98, 1.265, 9.2, 1.6, 2.2, 7.8, 3.59);
insert into PITCHEO_JUGADOR_EQUIPO values( 4, 2, 2012, 'SP', 713, 25, 12, 8, .600, 5.02, 28, 28, 0, 0, 0, 0, 170.1, 194, 100, 95, 28, 56, 3, 153, 10, 2, 6, 748, 82, 1.468, 10.3, 1.5, 3.0, 8.1, 2.73);
insert into PITCHEO_JUGADOR_EQUIPO values( 5, 2, 2012, 'SP', 714, 40, 5, 4, .556, 2.87, 12, 12, 0, 0, 0, 0, 75.1, 65, 26, 24, 8, 21, 0, 69, 0, 0, 1, 303, 145, 1.142, 7.8, 1.0, 2.5, 8.2, 3.29);
insert into PITCHEO_JUGADOR_EQUIPO values( 6, 18, 2012, 'CL', 855, 32, 2, 1, .667, 2.26, 69, 0, 54, 0, 0, 42, 67.2, 55, 17, 17, 6, 24, 4, 69, 1, 0, 3, 279, 184, 1.167, 7.3, 0.8, 3.2, 9.2, 2.88);
insert into PITCHEO_JUGADOR_EQUIPO values( 7, 2, 2012, 'RP', 708, 27, 2, 7, .222, 2.67, 65, 0, 17, 0, 0, 2, 60.2, 52, 19, 18, 5, 19, 0, 81, 1, 1, 1, 248, 156, 1.170, 7.7, 0.7, 2.8, 12.0, 4.26);
insert into PITCHEO_JUGADOR_EQUIPO values( 8, 2, 2012, 'RP', 705, 27, 7, 2, .778, 3.74, 80, 0, 8, 0, 0, 1, 55.1, 48, 23, 23, 6, 28, 6, 68, 2, 0, 3, 239, 111, 1.373, 7.8, 1.0, 4.6, 11.1, 2.43);
insert into PITCHEO_JUGADOR_EQUIPO values( 9, 2, 2012, 'P', 706, 25, 4, 4, .500, 3.34, 33, 11, 5, 0, 0, 0, 99.2, 81, 38, 37, 14, 38, 2, 96, 6, 2, 2, 414, 124, 1.194, 7.3, 1.3, 3.4, 8.7, 2.53);
insert into PITCHEO_JUGADOR_EQUIPO values( 10, 9, 2012, 'P', 672, 39, 1, 1, .500, 3.04, 17, 0, 10, 0, 0, 1, 23.2, 24, 9, 8, 2, 6, 2, 14, 0, 0, 2, 98, 138, 1.268, 9.1, 0.8, 2.3, 5.3, 2.33);
insert into PITCHEO_JUGADOR_EQUIPO values( 11, 2, 2012, 'P', 703, 26, 1, 0, 1.000, 4.35, 22, 0, 5, 0, 0, 0, 20.2, 26, 11, 10, 3, 6, 2, 22, 2, 0, 0, 95, 97, 1.548, 11.3, 1.3, 2.6, 9.6, 3.67);
insert into PITCHEO_JUGADOR_EQUIPO values( 12, 2, 2012, 'P', 707, 42, 1, 1, .500, 2.16, 9, 0, 9, 0, 0, 5, 8.1, 6, 2, 2, 0, 2, 2, 8, 0, 0, 0, 32, 200, 0.960, 6.5, 0.0, 2.2, 8.6, 4.00);
insert into PITCHEO_JUGADOR_EQUIPO values( 13, 19, 2012, 'P', 532, 33, 1, 0, 1.000, 6.14, 8, 0, 4, 0, 0, 0, 7.1, 10, 5, 5, 0, 3, 1, 2, 0, 0, 1, 33, 71, 1.773, 12.3, 0.0, 3.7, 2.5, 0.67);
insert into PITCHEO_JUGADOR_EQUIPO values( 14, 2, 2012, 'P', 709, 24, 0, 0, 0, 23.14, 1, 1, 0, 0, 0, 0, 2.1, 8, 6, 6, 2, 2, 0, 1, 0, 0, 0, 17, 21, 4.286, 30.9, 7.7, 7.7, 3.9, 0.50);
insert into PITCHEO_JUGADOR_EQUIPO values( 15, 4, 2012, 'SP', 448, 26, 12, 11, .522, 4.02, 32, 32, 0, 0, 0, 0, 192.2, 186, 97, 86, 29, 57, 0, 154, 5, 1, 2, 818, 105, 1.261, 8.7, 1.4, 2.7, 7.2, 2.70);
insert into PITCHEO_JUGADOR_EQUIPO values( 16, 4, 2012, 'SP', 440, 25, 7, 8, .467, 5.45, 33, 20, 5, 0, 0, 0, 133.2, 161, 85, 81, 32, 27, 2, 77, 4, 1, 0, 573, 77, 1.406, 10.8, 2.2, 1.8, 5.2, 2.85);
insert into PITCHEO_JUGADOR_EQUIPO values( 17, 4, 2012, 'SP', 450, 29, 8, 6, .571, 3.43, 20, 20, 0, 1, 1, 0, 118.0, 104, 48, 45, 9, 42, 2, 113, 2, 0, 3, 493, 123, 1.237, 7.9, 0.7, 3.2, 8.6, 2.69);
insert into PITCHEO_JUGADOR_EQUIPO values( 18, 4, 2012, 'SP', 447, 26, 3, 9, .250, 6.20, 24, 18, 1, 0, 0, 0, 114.2, 122, 82, 79, 16, 35, 3, 109, 5, 0, 4, 496, 68, 1.369, 9.6, 1.3, 2.7, 8.6, 3.11);
insert into PITCHEO_JUGADOR_EQUIPO values( 19, 4, 2012, 'SP', 449, 28, 9, 4, .692, 3.25, 18, 15, 0, 0, 0, 0, 105.1, 92, 38, 38, 13, 35, 2, 77, 5, 2, 3, 434, 130, 1.206, 7.9, 1.1, 3.0, 6.6, 2.20);
insert into PITCHEO_JUGADOR_EQUIPO values( 20, 4, 2012, 'SP', 452, 24, 9, 3, .750, 2.93, 15, 15, 0, 0, 0, 0, 86.0, 66, 38, 28, 12, 24, 0, 66, 1, 0, 5, 347, 144, 1.047, 6.9, 1.3, 2.5, 6.9, 2.75);
insert into PITCHEO_JUGADOR_EQUIPO values( 21, 4, 2012, 'CL', 441, 29, 2, 1, .667, 2.49, 71, 0, 63, 0, 0, 51, 68.2, 55, 21, 19, 3, 15, 1, 41, 3, 0, 1, 269, 170, 1.019, 7.2, 0.4, 2.0, 5.4, 2.73);
insert into PITCHEO_JUGADOR_EQUIPO values( 22, 4, 2012, 'RP', 439, 34, 5, 5, .500, 2.64, 66, 0, 15, 0, 0, 1, 75.0, 81, 27, 22, 7, 14, 3, 51, 4, 0, 2, 320, 160, 1.267, 9.7, 0.8, 1.7, 6.1, 3.64);
insert into PITCHEO_JUGADOR_EQUIPO values( 23, 4, 2012, 'RP', 444, 29, 7, 1, .875, 2.28, 69, 0, 10, 0, 0, 0, 67.0, 49, 17, 17, 6, 14, 2, 69, 3, 0, 0, 263, 185, 0.940, 6.6, 0.8, 1.9, 9.3, 4.93);
insert into PITCHEO_JUGADOR_EQUIPO values( 24, 4, 2012, 'RP', 446, 27, 5, 2, .714, 2.44, 70, 0, 17, 0, 0, 3, 66.1, 52, 18, 18, 2, 37, 2, 58, 4, 0, 5, 283, 173, 1.342, 7.1, 0.3, 5.0, 7.9, 1.57);
insert into PITCHEO_JUGADOR_EQUIPO values( 25, 4, 2012, 'RP', 445, 26, 1, 0, 1.000, 2.43, 54, 0, 12, 0, 0, 0, 55.2, 45, 15, 15, 5, 12, 2, 49, 2, 0, 1, 224, 175, 1.024, 7.3, 0.8, 1.9, 7.9, 4.08);
insert into PITCHEO_JUGADOR_EQUIPO values( 26, 4, 2012, 'P', 442, 25, 6, 10, .375, 4.87, 34, 16, 2, 0, 0, 0, 98.0, 112, 61, 53, 15, 41, 4, 81, 0, 0, 0, 441, 87, 1.561, 10.3, 1.4, 3.8, 7.4, 1.98);
insert into PITCHEO_JUGADOR_EQUIPO values( 27, 7, 2012, 'P', 283, 31, 3, 3, .500, 3.63, 7, 7, 0, 0, 0, 0, 44.2, 49, 20, 18, 4, 8, 1, 23, 0, 0, 1, 184, 117, 1.276, 9.9, 0.8, 1.6, 4.6, 2.88);
insert into PITCHEO_JUGADOR_EQUIPO values( 28, 4, 2012, 'P', 451, 24, 4, 0, 1.000, 2.11, 12, 4, 3, 0, 0, 0, 38.1, 23, 9, 9, 4, 18, 1, 46, 0, 0, 1, 151, 201, 1.070, 5.4, 0.9, 4.2, 10.8, 2.56);
insert into PITCHEO_JUGADOR_EQUIPO values( 29, 13, 2012, 'P', 355, 32, 1, 0, 1.000, 2.72, 34, 0, 3, 0, 0, 0, 36.1, 35, 14, 11, 2, 12, 2, 30, 4, 1, 1, 155, 156, 1.294, 8.7, 0.5, 3.0, 7.4, 2.50);
insert into PITCHEO_JUGADOR_EQUIPO values( 30, 4, 2012, 'P', 425, 26, 1, 0, 1.000, 0.00, 1, 0, 1, 0, 0, 0, 2.0, 2, 0, 0, 0, 1, 0, 2, 0, 0, 0, 8, 0, 1.500, 9.0, 0.0, 4.5, 9.0, 2.00);
insert into PITCHEO_JUGADOR_EQUIPO values( 31, 14, 2012, 'SP', 142, 30, 15, 10, .600, 3.52, 33, 33, 0, 3, 2, 0, 227.2, 208, 103, 89, 25, 58, 2, 223, 11, 1, 7, 944, 109, 1.168, 8.2, 1.0, 2.3, 8.8, 3.84);
insert into PITCHEO_JUGADOR_EQUIPO values( 32, 5, 2012, 'SP', 231, 26, 20, 5, .800, 2.56, 31, 31, 0, 2, 1, 0, 211.0, 173, 63, 60, 16, 59, 2, 205, 5, 1, 8, 836, 150, 1.100, 7.4, 0.7, 2.5, 8.7, 3.47);
insert into PITCHEO_JUGADOR_EQUIPO values( 33, 5, 2012, 'SP', 229, 23, 11, 11, .500, 3.81, 31, 31, 0, 0, 0, 0, 177.1, 158, 85, 75, 18, 81, 5, 175, 7, 1, 8, 759, 101, 1.348, 8.0, 0.9, 4.1, 8.9, 2.16);
insert into PITCHEO_JUGADOR_EQUIPO values( 34, 5, 2012, 'SP', 227, 25, 10, 11, .476, 3.10, 31, 31, 0, 0, 0, 0, 177.0, 163, 68, 61, 25, 59, 3, 124, 4, 0, 5, 741, 124, 1.254, 8.3, 1.3, 3.0, 6.3, 2.10);
insert into PITCHEO_JUGADOR_EQUIPO values( 35, 5, 2012, 'SP', 226, 24, 11, 9, .550, 4.03, 23, 23, 0, 2, 1, 0, 136.1, 130, 67, 61, 11, 40, 2, 106, 9, 1, 8, 569, 96, 1.247, 8.6, 0.7, 2.6, 7.0, 2.65);
insert into PITCHEO_JUGADOR_EQUIPO values( 36, 5, 2012, 'CL', 224, 35, 2, 2, .500, 0.60, 76, 0, 65, 0, 0, 48, 74.2, 43, 9, 5, 2, 15, 1, 76, 3, 0, 4, 282, 641, 0.777, 5.2, 0.2, 1.8, 9.2, 5.07);
insert into PITCHEO_JUGADOR_EQUIPO values( 37, 5, 2012, 'RP', 222, 36, 2, 6, .250, 3.63, 76, 0, 9, 0, 0, 2, 67.0, 49, 28, 27, 9, 17, 2, 84, 1, 0, 5, 264, 107, 0.985, 6.6, 1.2, 2.3, 11.3, 4.94);
insert into PITCHEO_JUGADOR_EQUIPO values( 38, 26, 2012, 'RP', 793, 29, 3, 2, .600, 3.03, 66, 0, 14, 0, 0, 0, 62.1, 63, 24, 21, 6, 12, 5, 42, 1, 0, 1, 262, 128, 1.203, 9.1, 0.9, 1.7, 6.1, 3.50);
insert into PITCHEO_JUGADOR_EQUIPO values( 39, 5, 2012, 'RP', 220, 25, 5, 2, .714, 1.95, 69, 0, 13, 0, 0, 0, 55.1, 33, 13, 12, 3, 11, 4, 73, 1, 0, 3, 212, 198, 0.795, 5.4, 0.5, 1.8, 11.9, 6.64);
insert into PITCHEO_JUGADOR_EQUIPO values( 40, 23, 2012, 'RP', 17, 29, 1, 0, 1.000, 3.04, 55, 0, 10, 0, 0, 0, 50.1, 39, 17, 17, 7, 22, 2, 42, 4, 0, 1, 203, 127, 1.212, 7.0, 1.3, 3.9, 7.5, 1.91);
insert into PITCHEO_JUGADOR_EQUIPO values( 41, 14, 2012, 'P', 138, 26, 3, 0, 1.000, 2.43, 54, 0, 15, 0, 0, 0, 70.1, 48, 20, 19, 5, 29, 2, 87, 0, 0, 2, 284, 159, 1.095, 6.1, 0.6, 3.7, 11.1, 3.00);
insert into PITCHEO_JUGADOR_EQUIPO values( 42, 5, 2012, 'P', 230, 29, 2, 3, .400, 3.08, 8, 8, 0, 0, 0, 0, 38.0, 30, 17, 13, 2, 12, 0, 34, 2, 0, 2, 156, 126, 1.105, 7.1, 0.5, 2.8, 8.1, 2.83);
insert into PITCHEO_JUGADOR_EQUIPO values( 43, 5, 2012, 'P', 223, 28, 1, 0, 1.000, 2.10, 17, 1, 9, 0, 0, 0, 30.0, 19, 7, 7, 2, 10, 0, 29, 2, 0, 0, 120, 185, 0.967, 5.7, 0.6, 3.0, 8.7, 2.90);
insert into PITCHEO_JUGADOR_EQUIPO values( 44, 5, 2012, 'P', 218, 36, 1, 6, .143, 4.00, 34, 0, 8, 0, 0, 0, 27.0, 22, 13, 12, 1, 14, 2, 25, 1, 0, 2, 120, 97, 1.333, 7.3, 0.3, 4.7, 8.3, 1.79);
insert into PITCHEO_JUGADOR_EQUIPO values( 45, 5, 2012, 'P', 219, 27, 2, 2, .500, 5.09, 15, 0, 4, 0, 0, 0, 17.2, 16, 12, 10, 2, 12, 3, 15, 2, 0, 1, 83, 77, 1.585, 8.2, 1.0, 6.1, 7.6, 1.25);
insert into PITCHEO_JUGADOR_EQUIPO values( 46, 19, 2012, 'SP', 536, 22, 9, 14, .391, 4.85, 31, 31, 0, 1, 1, 0, 187.1, 216, 110, 101, 29, 54, 2, 79, 3, 1, 3, 807, 87, 1.441, 10.4, 1.4, 2.6, 3.8, 1.46);
insert into PITCHEO_JUGADOR_EQUIPO values( 47, 3, 2012, 'SP', 85, 27, 10, 7, .588, 2.96, 21, 21, 0, 3, 3, 0, 124.2, 98, 45, 41, 12, 41, 0, 108, 2, 0, 3, 504, 143, 1.115, 7.1, 0.9, 3.0, 7.8, 2.63);
insert into PITCHEO_JUGADOR_EQUIPO values( 48, 16, 2012, 'SP', 420, 27, 4, 6, .400, 4.56, 22, 16, 1, 0, 0, 0, 100.2, 100, 56, 51, 17, 37, 1, 48, 5, 0, 2, 429, 93, 1.361, 8.9, 1.5, 3.3, 4.3, 1.30);
insert into PITCHEO_JUGADOR_EQUIPO values( 49, 3, 2012, 'SP', 66, 24, 4, 7, .364, 4.67, 13, 13, 0, 0, 0, 0, 71.1, 67, 41, 37, 10, 47, 0, 47, 1, 0, 7, 317, 91, 1.598, 8.5, 1.3, 5.9, 5.9, 1.00);
insert into PITCHEO_JUGADOR_EQUIPO values( 50, 3, 2012, 'SP', 83, 21, 5, 3, .625, 4.60, 11, 11, 0, 0, 0, 0, 58.2, 59, 31, 30, 8, 20, 0, 49, 5, 0, 1, 257, 92, 1.347, 9.1, 1.2, 3.1, 7.5, 2.45);
insert into PITCHEO_JUGADOR_EQUIPO values( 51, 3, 2012, 'CL', 72, 30, 1, 1, .500, 2.54, 62, 0, 47, 0, 0, 22, 63.2, 44, 18, 18, 7, 11, 1, 67, 3, 1, 2, 242, 166, 0.864, 6.2, 1.0, 1.6, 9.5, 6.09);
insert into PITCHEO_JUGADOR_EQUIPO values( 52, 25, 2012, 'RP', 170, 28, 7, 7, .500, 4.16, 38, 16, 9, 0, 0, 0, 125.1, 113, 59, 58, 23, 46, 4, 122, 3, 1, 6, 521, 101, 1.269, 8.1, 1.7, 3.3, 8.8, 2.65);
insert into PITCHEO_JUGADOR_EQUIPO values( 53, 3, 2012, 'RP', 74, 41, 3, 4, .429, 2.06, 62, 0, 11, 0, 0, 2, 56.2, 43, 13, 13, 3, 15, 0, 52, 4, 0, 3, 221, 205, 1.024, 6.8, 0.5, 2.4, 8.3, 3.47);
insert into PITCHEO_JUGADOR_EQUIPO values( 54, 9, 2012, 'RP', 669, 34, 1, 1, .500, 4.12, 50, 0, 9, 0, 0, 0, 43.2, 42, 20, 20, 6, 22, 1, 53, 2, 1, 5, 191, 103, 1.466, 8.7, 1.2, 4.5, 10.9, 2.41);
insert into PITCHEO_JUGADOR_EQUIPO values( 55, 3, 2012, 'P', 70, 25, 2, 4, .333, 5.72, 21, 9, 2, 0, 0, 0, 61.1, 70, 40, 39, 11, 23, 0, 51, 3, 0, 0, 270, 74, 1.516, 10.3, 1.6, 3.4, 7.5, 2.22);
insert into PITCHEO_JUGADOR_EQUIPO values( 56, 3, 2012, 'P', 75, 27, 2, 2, .500, 3.43, 35, 0, 6, 0, 0, 0, 42.0, 38, 16, 16, 3, 16, 0, 39, 3, 0, 0, 175, 124, 1.286, 8.1, 0.6, 3.4, 8.4, 2.44);
insert into PITCHEO_JUGADOR_EQUIPO values( 57, 3, 2012, 'P', 82, 29, 3, 2, .600, 4.69, 10, 6, 3, 0, 0, 0, 40.1, 35, 21, 21, 2, 17, 1, 46, 1, 0, 2, 170, 91, 1.289, 7.8, 0.4, 3.8, 10.3, 2.71);
insert into PITCHEO_JUGADOR_EQUIPO values( 58, 3, 2012, 'P', 73, 24, 0, 2, .000, 2.64, 33, 0, 3, 0, 0, 0, 30.2, 26, 10, 9, 0, 2, 0, 21, 0, 1, 1, 117, 161, 0.913, 7.6, 0.0, 0.6, 6.2, 10.50);
insert into PITCHEO_JUGADOR_EQUIPO values( 59, 3, 2012, 'P', 71, 28, 2, 2, .500, 3.38, 27, 0, 1, 0, 0, 0, 29.1, 23, 12, 11, 3, 15, 0, 46, 0, 0, 3, 126, 126, 1.295, 7.1, 0.9, 4.6, 14.1, 3.07);
insert into PITCHEO_JUGADOR_EQUIPO values( 60, 16, 2012, 'P', 413, 32, 4, 0, 1.000, 2.88, 30, 0, 10, 0, 0, 1, 25.0, 19, 8, 8, 2, 9, 1, 28, 1, 0, 1, 104, 148, 1.120, 6.8, 0.7, 3.2, 10.1, 3.11);
insert into PITCHEO_JUGADOR_EQUIPO values( 61, 3, 2012, 'P', 77, 28, 0, 1, .000, 9.00, 6, 0, 4, 0, 0, 2, 5.0, 6, 5, 5, 1, 4, 0, 4, 0, 0, 1, 24, 50, 2.000, 10.8, 1.8, 7.2, 7.2, 1.00);
insert into PITCHEO_JUGADOR_EQUIPO values( 62, 19, 2012, 'P', 517, 29, 0, 0, 0, 9.00, 2, 0, 2, 0, 0, 0, 2.0, 4, 2, 2, 0, 1, 0, 0, 0, 0, 0, 11, 55, 2.500, 18.0, 0.0, 4.5, 0.0, 0.00);
insert into PITCHEO_JUGADOR_EQUIPO values( 63, 1, 2012, 'SP', 623, 28, 9, 14, .391, 4.82, 33, 33, 0, 3, 0, 0, 205.1, 216, 117, 110, 25, 68, 2, 166, 4, 0, 6, 876, 89, 1.383, 9.5, 1.1, 3.0, 7.3, 2.44);
insert into PITCHEO_JUGADOR_EQUIPO values( 64, 1, 2012, 'SP', 619, 27, 11, 8, .579, 4.56, 29, 29, 0, 2, 1, 0, 189.1, 187, 104, 96, 25, 64, 2, 129, 12, 2, 2, 802, 94, 1.326, 8.9, 1.2, 3.0, 6.1, 2.02);
insert into PITCHEO_JUGADOR_EQUIPO values( 65, 1, 2012, 'SP', 621, 24, 11, 10, .524, 4.86, 29, 29, 0, 0, 0, 0, 161.0, 162, 95, 87, 24, 71, 0, 167, 5, 0, 5, 709, 88, 1.447, 9.1, 1.3, 4.0, 9.3, 2.35);
insert into PITCHEO_JUGADOR_EQUIPO values( 66, 23, 2012, 'SP', 21, 32, 5, 11, .313, 5.23, 21, 21, 0, 0, 0, 0, 127.1, 131, 75, 74, 16, 38, 2, 94, 5, 0, 4, 547, 82, 1.327, 9.3, 1.1, 2.7, 6.6, 2.47);
insert into PITCHEO_JUGADOR_EQUIPO values( 67, 1, 2012, 'CL', 611, 29, 2, 10, .167, 5.36, 69, 0, 55, 0, 0, 25, 84.0, 80, 51, 50, 11, 31, 2, 75, 6, 1, 3, 361, 80, 1.321, 8.6, 1.2, 3.3, 8.0, 2.42);
insert into PITCHEO_JUGADOR_EQUIPO values( 68, 16, 2012, 'RP', 408, 36, 2, 1, .667, 1.58, 42, 0, 7, 0, 0, 0, 51.1, 42, 10, 9, 2, 9, 3, 36, 0, 0, 2, 200, 274, 0.994, 7.4, 0.4, 1.6, 6.3, 4.00);
insert into PITCHEO_JUGADOR_EQUIPO values( 69, 30, 2012, 'RP', 104, 27, 0, 2, .000, 6.20, 41, 0, 17, 0, 0, 1, 45.0, 45, 31, 31, 8, 12, 1, 41, 3, 0, 2, 194, 70, 1.267, 9.0, 1.6, 2.4, 8.2, 3.42);
insert into PITCHEO_JUGADOR_EQUIPO values( 70, 1, 2012, 'RP', 615, 27, 3, 2, .600, 3.35, 53, 0, 4, 0, 0, 0, 40.1, 28, 15, 15, 3, 20, 1, 51, 2, 0, 1, 169, 129, 1.190, 6.2, 0.7, 4.5, 11.4, 2.55);
insert into PITCHEO_JUGADOR_EQUIPO values( 71, 1, 2012, 'P', 624, 26, 3, 4, .429, 3.77, 37, 9, 5, 0, 0, 1, 76.1, 64, 38, 32, 11, 30, 3, 76, 6, 5, 3, 325, 114, 1.231, 7.5, 1.3, 3.5, 9.0, 2.53);
insert into PITCHEO_JUGADOR_EQUIPO values( 72, 1, 2012, 'P', 617, 26, 1, 1, .500, 1.43, 37, 0, 13, 0, 0, 1, 44.0, 37, 7, 7, 1, 5, 0, 45, 2, 0, 0, 172, 302, 0.955, 7.6, 0.2, 1.0, 9.2, 9.00);
insert into PITCHEO_JUGADOR_EQUIPO values( 73, 1, 2012, 'P', 616, 27, 1, 1, .500, 3.21, 26, 0, 8, 0, 0, 0, 42.0, 32, 15, 15, 7, 19, 2, 41, 1, 0, 3, 173, 135, 1.214, 6.9, 1.5, 4.1, 8.8, 2.16);
insert into PITCHEO_JUGADOR_EQUIPO values( 74, 10, 2012, 'P', 189, 29, 2, 0, 1.000, 2.29, 40, 0, 8, 0, 0, 0, 39.1, 30, 14, 10, 6, 15, 3, 25, 1, 0, 0, 157, 189, 1.144, 6.9, 1.4, 3.4, 5.7, 1.67);
insert into PITCHEO_JUGADOR_EQUIPO values( 75, 1, 2012, 'P', 613, 31, 1, 0, 1.000, 2.70, 23, 0, 4, 0, 0, 0, 20.0, 14, 7, 6, 0, 9, 2, 19, 1, 0, 1, 81, 162, 1.150, 6.3, 0.0, 4.1, 8.6, 2.11);
insert into PITCHEO_JUGADOR_EQUIPO values( 76, 10, 2012, 'P', 192, 32, 1, 0, 1.000, 1.83, 25, 0, 3, 0, 0, 0, 19.2, 17, 4, 4, 0, 11, 1, 21, 0, 0, 0, 83, 239, 1.424, 7.8, 0.0, 5.0, 9.6, 1.91);
insert into PITCHEO_JUGADOR_EQUIPO values( 77, 1, 2012, 'P', 612, 28, 1, 1, .500, 7.04, 19, 0, 13, 0, 0, 6, 15.1, 21, 12, 12, 2, 8, 2, 14, 0, 1, 0, 74, 62, 1.891, 12.3, 1.2, 4.7, 8.2, 1.75);
insert into PITCHEO_JUGADOR_EQUIPO values( 78, 27, 2012, 'P', 767, 26, 1, 0, 1.000, 9.00, 8, 0, 3, 0, 0, 0, 6.0, 7, 6, 6, 1, 10, 2, 2, 0, 0, 2, 34, 51, 2.833, 10.5, 1.5, 15.0, 3.0, 0.20);
insert into PITCHEO_JUGADOR_EQUIPO values( 79, 25, 2012, 'P', 160, 25, 0, 0, 0, 3.00, 2, 0, 2, 0, 0, 0, 3.0, 2, 1, 1, 1, 1, 0, 3, 0, 0, 0, 11, 160, 1.000, 6.0, 3.0, 3.0, 9.0, 3.00);
insert into PITCHEO_JUGADOR_EQUIPO values( 80, 11, 2012, 'SP', 392, 29, 17, 8, .680, 2.64, 33, 33, 0, 6, 1, 0, 238.1, 192, 81, 70, 19, 60, 2, 239, 5, 1, 2, 956, 161, 1.057, 7.3, 0.7, 2.3, 9.0, 3.98);
insert into PITCHEO_JUGADOR_EQUIPO values( 81, 11, 2012, 'SP', 391, 27, 16, 7, .696, 3.74, 32, 32, 0, 0, 0, 0, 187.2, 179, 82, 78, 23, 60, 2, 231, 5, 1, 2, 787, 114, 1.274, 8.6, 1.1, 2.9, 11.1, 3.85);
insert into PITCHEO_JUGADOR_EQUIPO values( 82, 11, 2012, 'SP', 389, 23, 10, 12, .455, 4.59, 31, 31, 0, 0, 0, 0, 176.1, 226, 101, 90, 16, 44, 3, 107, 6, 0, 6, 783, 93, 1.531, 11.5, 0.8, 2.2, 5.5, 2.43);
insert into PITCHEO_JUGADOR_EQUIPO values( 83, 11, 2012, 'SP', 388, 28, 10, 10, .500, 3.45, 26, 26, 0, 2, 1, 0, 161.2, 156, 73, 62, 15, 37, 1, 137, 7, 0, 1, 673, 123, 1.194, 8.7, 0.8, 2.1, 7.6, 3.70);
insert into PITCHEO_JUGADOR_EQUIPO values( 84, 11, 2012, 'SP', 386, 23, 4, 3, .571, 3.99, 23, 18, 0, 0, 0, 0, 99.1, 93, 49, 44, 12, 33, 1, 94, 2, 0, 3, 416, 107, 1.268, 8.4, 1.1, 3.0, 8.5, 2.85);
insert into PITCHEO_JUGADOR_EQUIPO values( 85, 11, 2012, 'SP', 390, 28, 4, 6, .400, 3.74, 12, 12, 0, 1, 1, 0, 74.2, 81, 36, 31, 8, 15, 1, 57, 3, 0, 3, 316, 114, 1.286, 9.8, 1.0, 1.8, 6.9, 3.80);
insert into PITCHEO_JUGADOR_EQUIPO values( 86, 11, 2012, 'RP', 382, 34, 5, 3, .625, 3.68, 73, 0, 18, 0, 0, 2, 71.0, 59, 31, 29, 14, 22, 2, 84, 1, 0, 2, 288, 116, 1.141, 7.5, 1.8, 2.8, 10.6, 3.82);
insert into PITCHEO_JUGADOR_EQUIPO values( 87, 11, 2012, 'RP', 384, 38, 5, 3, .625, 3.57, 57, 0, 15, 0, 0, 1, 58.0, 50, 23, 23, 3, 12, 4, 62, 1, 0, 2, 234, 120, 1.069, 7.8, 0.5, 1.9, 9.6, 5.17);
insert into PITCHEO_JUGADOR_EQUIPO values( 88, 11, 2012, 'RP', 387, 25, 3, 5, .375, 2.63, 50, 0, 15, 0, 0, 0, 54.2, 38, 20, 16, 3, 28, 3, 66, 1, 2, 9, 226, 162, 1.207, 6.3, 0.5, 4.6, 10.9, 2.36);
insert into PITCHEO_JUGADOR_EQUIPO values( 89, 11, 2012, 'RP', 383, 29, 2, 3, .400, 4.00, 66, 0, 11, 0, 0, 1, 54.0, 71, 28, 24, 5, 18, 4, 51, 1, 0, 3, 245, 107, 1.648, 11.8, 0.8, 3.0, 8.5, 2.83);
insert into PITCHEO_JUGADOR_EQUIPO values( 90, 11, 2012, 'P', 385, 27, 2, 1, .667, 3.48, 18, 0, 5, 0, 0, 0, 20.2, 18, 8, 8, 1, 9, 2, 20, 1, 0, 1, 86, 124, 1.306, 7.8, 0.4, 3.9, 8.7, 2.22);
insert into PITCHEO_JUGADOR_EQUIPO values( 91, 11, 2012, 'P', 381, 26, 0, 0, 0, 0.68, 8, 0, 0, 0, 0, 0, 13.1, 6, 1, 1, 0, 8, 0, 18, 0, 1, 0, 53, 647, 1.050, 4.1, 0.0, 5.4, 12.2, 2.25);
insert into PITCHEO_JUGADOR_EQUIPO values( 92, 13, 2012, 'SP', 364, 31, 11, 12, .478, 3.37, 32, 32, 0, 4, 1, 0, 219.0, 191, 88, 82, 27, 49, 1, 194, 10, 2, 3, 882, 129, 1.096, 7.8, 1.1, 2.0, 8.0, 3.96);
insert into PITCHEO_JUGADOR_EQUIPO values( 93, 13, 2012, 'SP', 366, 23, 17, 8, .680, 3.05, 30, 29, 0, 1, 0, 0, 192.0, 167, 66, 65, 19, 51, 5, 192, 6, 0, 6, 772, 142, 1.135, 7.8, 0.9, 2.4, 9.0, 3.76);
insert into PITCHEO_JUGADOR_EQUIPO values( 94, 13, 2012, 'SP', 363, 29, 12, 11, .522, 4.29, 29, 29, 0, 0, 0, 0, 168.0, 166, 84, 80, 22, 63, 2, 144, 14, 0, 8, 724, 101, 1.363, 8.9, 1.2, 3.4, 7.7, 2.29);
insert into PITCHEO_JUGADOR_EQUIPO values( 95, 13, 2012, 'SP', 365, 23, 6, 6, .500, 3.76, 25, 22, 2, 0, 0, 0, 136.1, 142, 62, 57, 14, 42, 4, 81, 3, 2, 10, 568, 115, 1.350, 9.4, 0.9, 2.8, 5.3, 1.93);
insert into PITCHEO_JUGADOR_EQUIPO values( 96, 28, 2012, 'SP', 741, 29, 5, 5, .500, 6.44, 26, 16, 6, 1, 1, 0, 102.0, 113, 74, 73, 23, 44, 1, 85, 4, 0, 9, 462, 68, 1.539, 10.0, 2.0, 3.9, 7.5, 1.93);
insert into PITCHEO_JUGADOR_EQUIPO values( 97, 30, 2012, 'SP', 109, 28, 3, 2, .600, 5.40, 12, 11, 0, 0, 0, 0, 56.2, 54, 34, 34, 7, 32, 1, 58, 3, 0, 5, 253, 81, 1.518, 8.6, 1.1, 5.1, 9.2, 1.81);
insert into PITCHEO_JUGADOR_EQUIPO values( 98, 13, 2012, 'CL', 356, 23, 3, 2, .600, 4.75, 62, 0, 44, 0, 0, 29, 55.0, 57, 30, 29, 6, 18, 3, 54, 2, 1, 0, 238, 92, 1.364, 9.3, 1.0, 2.9, 8.8, 3.00);
insert into PITCHEO_JUGADOR_EQUIPO values( 99, 13, 2012, 'RP', 354, 26, 8, 0, 1.000, 2.39, 65, 0, 11, 0, 0, 0, 71.2, 67, 19, 19, 4, 32, 3, 65, 1, 0, 5, 301, 182, 1.381, 8.4, 0.5, 4.0, 8.2, 2.03);
insert into PITCHEO_JUGADOR_EQUIPO values( 100, 13, 2012, 'RP', 357, 24, 4, 1, .800, 3.33, 42, 4, 19, 0, 0, 4, 70.1, 54, 26, 26, 10, 40, 1, 79, 7, 2, 5, 306, 131, 1.336, 6.9, 1.3, 5.1, 10.1, 1.98);
insert into PITCHEO_JUGADOR_EQUIPO values( 101, 13, 2012, 'RP', 359, 35, 4, 10, .286, 3.46, 74, 0, 18, 0, 0, 3, 65.0, 63, 27, 25, 4, 17, 4, 53, 3, 0, 2, 266, 126, 1.231, 8.7, 0.6, 2.4, 7.3, 3.12);
insert into PITCHEO_JUGADOR_EQUIPO values( 102, 13, 2012, 'RP', 353, 30, 2, 3, .400, 2.44, 51, 0, 6, 0, 0, 0, 48.0, 29, 14, 13, 5, 23, 1, 60, 1, 0, 4, 194, 179, 1.083, 5.4, 0.9, 4.3, 11.3, 2.61);
insert into PITCHEO_JUGADOR_EQUIPO values( 103, 13, 2012, 'P', 362, 27, 3, 4, .429, 5.70, 9, 9, 0, 0, 0, 0, 53.2, 57, 35, 34, 7, 23, 0, 30, 1, 0, 5, 238, 76, 1.491, 9.6, 1.2, 3.9, 5.0, 1.30);
insert into PITCHEO_JUGADOR_EQUIPO values( 104, 13, 2012, 'P', 361, 26, 2, 2, .500, 5.47, 14, 7, 4, 0, 0, 0, 51.0, 56, 32, 31, 8, 21, 0, 40, 4, 0, 1, 231, 80, 1.510, 9.9, 1.4, 3.7, 7.1, 1.90);
insert into PITCHEO_JUGADOR_EQUIPO values( 105, 10, 2012, 'P', 202, 31, 3, 4, .429, 3.12, 35, 0, 12, 0, 0, 0, 34.2, 30, 13, 12, 4, 9, 1, 21, 1, 0, 1, 138, 140, 1.125, 7.8, 1.0, 2.3, 5.5, 2.33);
insert into PITCHEO_JUGADOR_EQUIPO values( 106, 13, 2012, 'P', 358, 26, 0, 2, .000, 5.02, 21, 0, 5, 0, 0, 0, 14.1, 8, 8, 8, 3, 6, 1, 14, 1, 0, 2, 58, 88, 0.977, 5.0, 1.9, 3.8, 8.8, 2.33);
insert into PITCHEO_JUGADOR_EQUIPO values( 107, 13, 2012, 'P', 360, 27, 0, 0, 0, 1.38, 24, 0, 5, 0, 0, 1, 13.0, 5, 2, 2, 0, 4, 0, 19, 0, 0, 0, 49, 321, 0.692, 3.5, 0.0, 2.8, 13.2, 4.75);
insert into PITCHEO_JUGADOR_EQUIPO values( 108, 22, 2012, 'P', 833, 32, 0, 0, 0, 2.70, 2, 1, 1, 0, 0, 0, 6.2, 6, 2, 2, 0, 4, 0, 4, 1, 0, 0, 30, 169, 1.500, 8.1, 0.0, 5.4, 5.4, 1.00);
insert into PITCHEO_JUGADOR_EQUIPO values( 109, 12, 2012, 'P', 478, 23, 0, 1, .000, 18.00, 1, 1, 0, 0, 0, 0, 4.0, 12, 8, 8, 3, 1, 0, 2, 0, 0, 0, 25, 26, 3.250, 27.0, 6.8, 2.3, 4.5, 2.00);
insert into PITCHEO_JUGADOR_EQUIPO values( 110, 13, 2012, 'P', 349, 34, 0, 0, 0, 0.00, 1, 0, 1, 0, 0, 0, 1.0, 1, 0, 0, 0, 1, 0, 0, 0, 0, 0, 4, 0, 2.000, 9.0, 0.0, 9.0, 0.0, 0.00);
insert into PITCHEO_JUGADOR_EQUIPO values( 111, 14, 2012, 'SP', 131, 35, 11, 14, .440, 5.07, 34, 34, 0, 0, 0, 0, 191.2, 215, 114, 108, 33, 47, 3, 140, 8, 0, 5, 827, 82, 1.367, 10.1, 1.5, 2.2, 6.6, 2.98);
insert into PITCHEO_JUGADOR_EQUIPO values( 112, 14, 2012, 'SP', 136, 28, 8, 16, .333, 5.73, 32, 32, 0, 2, 1, 0, 185.1, 202, 127, 118, 27, 61, 3, 144, 13, 0, 8, 800, 73, 1.419, 9.8, 1.3, 3.0, 7.0, 2.36);
insert into PITCHEO_JUGADOR_EQUIPO values( 113, 14, 2012, 'SP', 140, 28, 8, 10, .444, 4.23, 30, 25, 0, 0, 0, 0, 166.0, 176, 84, 78, 15, 59, 3, 104, 11, 2, 6, 709, 99, 1.416, 9.5, 0.8, 3.2, 5.6, 1.76);
insert into PITCHEO_JUGADOR_EQUIPO values( 114, 14, 2012, 'SP', 139, 33, 5, 3, .625, 3.16, 14, 14, 0, 0, 0, 0, 91.0, 84, 37, 32, 9, 19, 0, 56, 2, 1, 1, 366, 132, 1.132, 8.3, 0.9, 1.9, 5.5, 2.95);
insert into PITCHEO_JUGADOR_EQUIPO values( 115, 30, 2012, 'SP', 114, 29, 1, 6, .143, 7.76, 12, 12, 0, 0, 0, 0, 53.1, 65, 47, 46, 8, 44, 1, 36, 5, 1, 4, 270, 54, 2.044, 11.0, 1.4, 7.4, 6.1, 0.82);
insert into PITCHEO_JUGADOR_EQUIPO values( 116, 29, 2012, 'CL', 40, 28, 1, 2, .333, 2.27, 35, 0, 32, 0, 0, 23, 35.2, 36, 11, 9, 1, 14, 0, 25, 2, 0, 0, 151, 185, 1.402, 9.1, 0.3, 3.5, 6.3, 1.79);
insert into PITCHEO_JUGADOR_EQUIPO values( 117, 14, 2012, 'RP', 135, 22, 4, 3, .571, 2.35, 76, 0, 10, 0, 0, 3, 84.1, 79, 24, 22, 4, 21, 6, 77, 2, 1, 3, 344, 178, 1.186, 8.4, 0.4, 2.2, 8.2, 3.67);
insert into PITCHEO_JUGADOR_EQUIPO values( 118, 14, 2012, 'RP', 132, 22, 5, 4, .556, 3.36, 72, 0, 9, 0, 0, 0, 69.2, 55, 29, 26, 8, 34, 8, 93, 2, 0, 3, 295, 125, 1.278, 7.1, 1.0, 4.4, 12.0, 2.74);
insert into PITCHEO_JUGADOR_EQUIPO values( 119, 14, 2012, 'RP', 137, 26, 7, 4, .636, 2.96, 67, 0, 36, 0, 0, 16, 67.0, 58, 22, 22, 2, 34, 7, 91, 0, 1, 3, 289, 142, 1.373, 7.8, 0.3, 4.6, 12.2, 2.68);
insert into PITCHEO_JUGADOR_EQUIPO values( 120, 14, 2012, 'RP', 133, 25, 3, 1, .750, 3.48, 73, 0, 20, 0, 0, 2, 64.2, 54, 27, 25, 4, 22, 2, 65, 1, 0, 4, 260, 121, 1.175, 7.5, 0.6, 3.1, 9.0, 2.95);
insert into PITCHEO_JUGADOR_EQUIPO values( 121, 24, 2012, 'P', 334, 27, 2, 2, .500, 2.56, 51, 0, 8, 0, 0, 0, 38.2, 36, 13, 11, 3, 13, 1, 37, 4, 0, 1, 168, 164, 1.267, 8.4, 0.7, 3.0, 8.6, 2.85);
insert into PITCHEO_JUGADOR_EQUIPO values( 122, 14, 2012, 'P', 129, 28, 3, 1, .750, 1.67, 7, 7, 0, 0, 0, 0, 37.2, 31, 8, 7, 3, 15, 0, 39, 0, 0, 1, 156, 252, 1.221, 7.4, 0.7, 3.6, 9.3, 2.60);
insert into PITCHEO_JUGADOR_EQUIPO values( 123, 14, 2012, 'P', 128, 23, 2, 2, .500, 3.90, 6, 6, 0, 0, 0, 0, 27.2, 26, 13, 12, 2, 18, 1, 28, 0, 1, 0, 121, 108, 1.590, 8.5, 0.7, 5.9, 9.1, 1.56);
insert into PITCHEO_JUGADOR_EQUIPO values( 124, 10, 2012, 'SP', 200, 27, 11, 15, .423, 4.93, 34, 34, 0, 1, 0, 0, 206.1, 212, 122, 113, 18, 88, 1, 159, 13, 0, 14, 906, 79, 1.454, 9.2, 0.8, 3.8, 6.9, 1.81);
insert into PITCHEO_JUGADOR_EQUIPO values( 125, 10, 2012, 'SP', 198, 28, 9, 17, .346, 5.40, 31, 31, 0, 0, 0, 0, 176.2, 190, 116, 106, 25, 95, 3, 143, 8, 1, 16, 805, 72, 1.613, 9.7, 1.3, 4.8, 7.3, 1.51);
insert into PITCHEO_JUGADOR_EQUIPO values( 126, 10, 2012, 'SP', 201, 24, 6, 8, .429, 4.24, 22, 22, 0, 0, 0, 0, 125.1, 133, 78, 59, 19, 38, 0, 110, 1, 2, 0, 543, 92, 1.364, 9.6, 1.4, 2.7, 7.9, 2.89);
insert into PITCHEO_JUGADOR_EQUIPO values( 127, 9, 2012, 'SP', 672, 39, 8, 10, .444, 5.52, 21, 21, 0, 1, 1, 0, 119.0, 156, 79, 73, 8, 45, 3, 41, 3, 1, 5, 542, 71, 1.689, 11.8, 0.6, 3.4, 3.1, 0.91);
insert into PITCHEO_JUGADOR_EQUIPO values( 128, 10, 2012, 'SP', 203, 27, 5, 8, .385, 6.36, 21, 16, 0, 0, 0, 0, 103.1, 126, 74, 73, 18, 25, 3, 56, 3, 0, 4, 452, 61, 1.461, 11.0, 1.6, 2.2, 4.9, 2.24);
insert into PITCHEO_JUGADOR_EQUIPO values( 129, 30, 2012, 'SP', 100, 24, 5, 8, .385, 5.96, 20, 17, 1, 0, 0, 0, 90.2, 95, 66, 60, 15, 34, 5, 47, 4, 0, 2, 395, 65, 1.423, 9.4, 1.5, 3.4, 4.7, 1.38);
insert into PITCHEO_JUGADOR_EQUIPO values( 130, 10, 2012, 'CL', 193, 26, 0, 4, .000, 3.59, 61, 0, 53, 0, 0, 39, 57.2, 49, 25, 23, 6, 16, 1, 59, 2, 0, 0, 242, 109, 1.127, 7.6, 0.9, 2.5, 9.2, 3.69);
insert into PITCHEO_JUGADOR_EQUIPO values( 131, 10, 2012, 'RP', 194, 27, 3, 3, .500, 2.57, 70, 0, 13, 0, 0, 2, 70.0, 53, 20, 20, 7, 24, 1, 76, 4, 0, 1, 286, 152, 1.100, 6.8, 0.9, 3.1, 9.8, 3.17);
insert into PITCHEO_JUGADOR_EQUIPO values( 132, 10, 2012, 'RP', 196, 28, 7, 4, .636, 2.96, 72, 0, 12, 0, 0, 0, 67.0, 53, 27, 22, 4, 25, 4, 53, 2, 1, 1, 278, 132, 1.164, 7.1, 0.5, 3.4, 7.1, 2.12);
insert into PITCHEO_JUGADOR_EQUIPO values( 133, 20, 2012, 'RP', 303, 28, 1, 2, .333, 4.42, 63, 0, 7, 0, 0, 1, 55.0, 47, 29, 27, 9, 23, 1, 51, 1, 0, 3, 233, 89, 1.273, 7.7, 1.5, 3.8, 8.3, 2.22);
insert into PITCHEO_JUGADOR_EQUIPO values( 134, 3, 2012, 'RP', 76, 26, 3, 1, .750, 3.06, 44, 0, 13, 0, 0, 0, 53.0, 47, 19, 18, 5, 12, 2, 54, 3, 0, 5, 217, 128, 1.113, 8.0, 0.8, 2.0, 9.2, 4.50);
insert into PITCHEO_JUGADOR_EQUIPO values( 135, 10, 2012, 'P', 190, 23, 0, 1, .000, 3.72, 27, 0, 9, 0, 0, 0, 29.0, 29, 12, 12, 2, 15, 0, 27, 0, 0, 0, 126, 106, 1.517, 9.0, 0.6, 4.7, 8.4, 1.80);
insert into PITCHEO_JUGADOR_EQUIPO values( 136, 10, 2012, 'P', 191, 28, 0, 0, 0, 2.33, 15, 0, 7, 0, 0, 0, 19.1, 12, 5, 5, 1, 4, 0, 14, 0, 0, 0, 71, 170, 0.828, 5.6, 0.5, 1.9, 6.5, 3.50);
insert into PITCHEO_JUGADOR_EQUIPO values( 137, 5, 2012, 'P', 228, 31, 0, 3, .000, 7.53, 3, 3, 0, 0, 0, 0, 14.1, 17, 15, 12, 4, 3, 0, 2, 1, 0, 1, 62, 53, 1.395, 10.7, 2.5, 1.9, 1.3, 0.67);
insert into PITCHEO_JUGADOR_EQUIPO values( 138, 12, 2012, 'SP', 476, 25, 12, 9, .571, 3.54, 27, 27, 0, 1, 1, 0, 173.0, 184, 76, 68, 17, 31, 2, 90, 4, 0, 10, 714, 115, 1.243, 9.6, 0.9, 1.6, 4.7, 2.90);
insert into PITCHEO_JUGADOR_EQUIPO values( 139, 30, 2012, 'SP', 109, 28, 3, 10, .231, 5.31, 22, 17, 2, 0, 0, 0, 100.0, 89, 63, 59, 12, 55, 4, 109, 4, 1, 6, 440, 76, 1.440, 8.0, 1.1, 5.0, 9.8, 1.98);
insert into PITCHEO_JUGADOR_EQUIPO values( 140, 12, 2012, 'SP', 477, 23, 1, 8, .111, 5.59, 16, 16, 0, 1, 0, 0, 85.1, 106, 61, 53, 17, 26, 3, 50, 4, 0, 4, 381, 73, 1.547, 11.2, 1.8, 2.7, 5.3, 1.92);
insert into PITCHEO_JUGADOR_EQUIPO values( 141, 12, 2012, 'CL', 469, 29, 3, 1, .750, 2.56, 70, 0, 43, 0, 0, 16, 70.1, 57, 25, 20, 8, 16, 3, 78, 3, 0, 3, 281, 159, 1.038, 7.3, 1.0, 2.0, 10.0, 4.88);
insert into PITCHEO_JUGADOR_EQUIPO values( 142, 12, 2012, 'RP', 467, 29, 4, 12, .250, 5.12, 55, 11, 8, 0, 0, 0, 109.0, 126, 71, 62, 10, 27, 3, 69, 2, 0, 5, 472, 79, 1.404, 10.4, 0.8, 2.2, 5.7, 2.56);
insert into PITCHEO_JUGADOR_EQUIPO values( 143, 12, 2012, 'RP', 466, 31, 3, 2, .600, 2.18, 64, 0, 12, 0, 0, 5, 62.0, 41, 21, 15, 5, 16, 1, 55, 5, 0, 0, 245, 187, 0.919, 6.0, 0.7, 2.3, 8.0, 3.44);
insert into PITCHEO_JUGADOR_EQUIPO values( 144, 12, 2012, 'P', 472, 26, 3, 6, .333, 5.03, 44, 5, 9, 0, 0, 0, 96.2, 106, 57, 54, 15, 31, 8, 62, 0, 0, 3, 413, 81, 1.417, 9.9, 1.4, 2.9, 5.8, 2.00);
insert into PITCHEO_JUGADOR_EQUIPO values( 145, 12, 2012, 'P', 468, 28, 2, 1, .667, 2.06, 35, 0, 7, 0, 0, 0, 35.0, 25, 9, 8, 3, 9, 4, 32, 1, 0, 0, 141, 199, 0.971, 6.4, 0.8, 2.3, 8.2, 3.56);
insert into PITCHEO_JUGADOR_EQUIPO values( 146, 22, 2012, 'P', 830, 33, 2, 4, .333, 8.47, 7, 7, 0, 0, 0, 0, 34.0, 52, 33, 32, 9, 14, 0, 12, 3, 0, 1, 160, 48, 1.941, 13.8, 2.4, 3.7, 3.2, 0.86);
insert into PITCHEO_JUGADOR_EQUIPO values( 147, 8, 2012, 'SP', 594, 25, 13, 10, .565, 3.74, 31, 31, 0, 1, 0, 0, 190.0, 207, 90, 79, 24, 36, 2, 137, 4, 0, 2, 791, 105, 1.279, 9.8, 1.1, 1.7, 6.5, 3.81);
insert into PITCHEO_JUGADOR_EQUIPO values( 148, 8, 2012, 'SP', 595, 23, 13, 8, .619, 3.47, 29, 29, 0, 0, 0, 0, 181.1, 166, 71, 70, 11, 63, 3, 140, 3, 0, 10, 751, 113, 1.263, 8.2, 0.5, 3.1, 6.9, 2.22);
insert into PITCHEO_JUGADOR_EQUIPO values( 149, 8, 2012, 'SP', 592, 39, 10, 9, .526, 3.43, 24, 24, 0, 0, 0, 0, 152.1, 161, 62, 58, 17, 23, 3, 91, 1, 0, 0, 636, 115, 1.208, 9.5, 1.0, 1.4, 5.4, 3.96);
insert into PITCHEO_JUGADOR_EQUIPO values( 150, 20, 2012, 'SP', 309, 28, 8, 6, .571, 3.24, 18, 18, 0, 0, 0, 0, 111.0, 115, 44, 40, 10, 24, 2, 73, 6, 0, 0, 469, 121, 1.252, 9.3, 0.8, 1.9, 5.9, 3.04);
insert into PITCHEO_JUGADOR_EQUIPO values( 151, 28, 2012, 'SP', 739, 29, 6, 4, .600, 3.86, 24, 15, 5, 0, 0, 0, 102.2, 91, 47, 44, 10, 30, 1, 69, 3, 3, 6, 419, 102, 1.179, 8.0, 0.9, 2.6, 6.0, 2.30);
insert into PITCHEO_JUGADOR_EQUIPO values( 152, 8, 2012, 'SP', 593, 24, 7, 1, .875, 3.06, 15, 15, 0, 0, 0, 0, 82.1, 74, 29, 28, 10, 19, 0, 64, 1, 0, 0, 336, 129, 1.130, 8.1, 1.1, 2.1, 7.0, 3.37);
insert into PITCHEO_JUGADOR_EQUIPO values( 153, 8, 2012, 'CL', 583, 34, 3, 2, .600, 2.53, 75, 0, 34, 0, 0, 24, 74.2, 41, 21, 21, 4, 28, 2, 72, 1, 0, 2, 289, 156, 0.924, 4.9, 0.5, 3.4, 8.7, 2.57);
insert into PITCHEO_JUGADOR_EQUIPO values( 154, 8, 2012, 'RP', 585, 25, 6, 2, .750, 2.09, 71, 0, 23, 0, 0, 14, 73.1, 42, 18, 17, 4, 27, 4, 80, 4, 0, 4, 288, 189, 0.941, 5.2, 0.5, 3.3, 9.8, 2.96);
insert into PITCHEO_JUGADOR_EQUIPO values( 155, 8, 2012, 'RP', 584, 28, 5, 1, .833, 2.48, 63, 0, 17, 0, 0, 1, 65.1, 45, 20, 18, 7, 25, 5, 54, 5, 0, 2, 261, 159, 1.071, 6.2, 1.0, 3.4, 7.4, 2.16);
insert into PITCHEO_JUGADOR_EQUIPO values( 156, 8, 2012, 'RP', 586, 25, 2, 1, .667, 3.04, 44, 0, 7, 0, 0, 1, 47.1, 40, 18, 16, 3, 11, 1, 60, 0, 0, 0, 191, 130, 1.077, 7.6, 0.6, 2.1, 11.4, 5.45);
insert into PITCHEO_JUGADOR_EQUIPO values( 157, 22, 2012, 'P', 832, 25, 2, 11, .154, 6.50, 18, 13, 3, 0, 0, 0, 73.1, 96, 56, 53, 7, 37, 3, 46, 5, 1, 2, 342, 61, 1.814, 11.8, 0.9, 4.5, 5.6, 1.24);
insert into PITCHEO_JUGADOR_EQUIPO values( 158, 8, 2012, 'P', 590, 26, 2, 0, 1.000, 2.55, 30, 0, 13, 0, 0, 1, 35.1, 30, 11, 10, 2, 12, 0, 30, 0, 0, 1, 148, 156, 1.189, 7.6, 0.5, 3.1, 7.6, 2.50);
insert into PITCHEO_JUGADOR_EQUIPO values( 159, 8, 2012, 'P', 591, 24, 4, 2, .667, 2.57, 6, 6, 0, 0, 0, 0, 35.0, 29, 11, 10, 1, 7, 1, 25, 1, 0, 1, 137, 154, 1.029, 7.5, 0.3, 1.8, 6.4, 3.57);
insert into PITCHEO_JUGADOR_EQUIPO values( 160, 8, 2012, 'P', 587, 31, 2, 1, .667, 1.37, 24, 0, 5, 0, 0, 0, 19.2, 10, 3, 3, 3, 6, 1, 16, 1, 0, 1, 77, 291, 0.814, 4.6, 1.4, 2.7, 7.3, 2.67);
insert into PITCHEO_JUGADOR_EQUIPO values( 161, 9, 2012, 'SP', 679, 26, 18, 11, .621, 3.29, 32, 32, 0, 4, 2, 0, 213.1, 210, 82, 78, 22, 59, 0, 133, 1, 0, 2, 876, 138, 1.261, 8.9, 0.9, 2.5, 5.6, 2.25);
insert into PITCHEO_JUGADOR_EQUIPO values( 162, 9, 2012, 'SP', 677, 25, 16, 9, .640, 3.90, 29, 29, 0, 0, 0, 0, 191.1, 156, 89, 83, 14, 89, 1, 221, 10, 0, 8, 816, 116, 1.280, 7.3, 0.7, 4.2, 10.4, 2.48);
insert into PITCHEO_JUGADOR_EQUIPO values( 163, 9, 2012, 'SP', 680, 25, 12, 7, .632, 4.67, 29, 27, 1, 0, 0, 0, 175.1, 162, 100, 91, 32, 52, 0, 145, 3, 0, 1, 730, 97, 1.221, 8.3, 1.6, 2.7, 7.4, 2.79);
insert into PITCHEO_JUGADOR_EQUIPO values( 164, 25, 2012, 'SP', 166, 29, 6, 11, .353, 5.09, 29, 21, 5, 0, 0, 0, 123.2, 139, 79, 70, 14, 32, 2, 96, 1, 1, 2, 536, 89, 1.383, 10.1, 1.0, 2.3, 7.0, 3.00);
insert into PITCHEO_JUGADOR_EQUIPO values( 165, 9, 2012, 'SP', 681, 32, 6, 6, .500, 3.43, 16, 16, 0, 2, 0, 0, 105.0, 99, 48, 40, 16, 14, 0, 93, 6, 0, 2, 427, 133, 1.076, 8.5, 1.4, 1.2, 8.0, 6.64);
insert into PITCHEO_JUGADOR_EQUIPO values( 166, 1, 2012, 'SP', 620, 35, 7, 3, .700, 5.09, 12, 12, 0, 0, 0, 0, 69.0, 74, 43, 39, 10, 25, 0, 70, 1, 0, 2, 300, 90, 1.435, 9.7, 1.3, 3.3, 9.1, 2.80);
insert into PITCHEO_JUGADOR_EQUIPO values( 167, 9, 2012, 'CL', 673, 37, 3, 5, .375, 2.80, 66, 0, 62, 0, 0, 37, 64.1, 55, 23, 20, 7, 13, 1, 78, 2, 0, 5, 257, 163, 1.057, 7.7, 1.0, 1.8, 10.9, 6.00);
insert into PITCHEO_JUGADOR_EQUIPO values( 168, 9, 2012, 'RP', 682, 28, 2, 0, 1.000, 3.27, 58, 1, 11, 0, 0, 3, 66.0, 49, 26, 24, 9, 17, 1, 66, 2, 0, 5, 263, 139, 1.000, 6.7, 1.2, 2.3, 9.0, 3.88);
insert into PITCHEO_JUGADOR_EQUIPO values( 169, 9, 2012, 'RP', 675, 23, 6, 0, 1.000, 2.22, 58, 0, 9, 0, 0, 0, 65.0, 55, 21, 16, 3, 23, 3, 47, 2, 1, 1, 265, 206, 1.200, 7.6, 0.4, 3.2, 6.5, 2.04);
insert into PITCHEO_JUGADOR_EQUIPO values( 170, 15, 2012, 'RP', 246, 33, 5, 3, .625, 3.27, 61, 0, 7, 0, 0, 1, 52.1, 56, 21, 19, 4, 17, 1, 45, 3, 0, 2, 228, 140, 1.395, 9.6, 0.7, 2.9, 7.7, 2.65);
insert into PITCHEO_JUGADOR_EQUIPO values( 171, 9, 2012, 'RP', 676, 25, 1, 1, .500, 4.45, 39, 0, 13, 0, 0, 1, 32.1, 47, 18, 16, 6, 9, 3, 30, 2, 0, 4, 152, 103, 1.732, 13.1, 1.7, 2.5, 8.4, 3.33);
insert into PITCHEO_JUGADOR_EQUIPO values( 172, 9, 2012, 'P', 678, 24, 3, 1, .750, 3.16, 8, 7, 0, 1, 0, 0, 42.2, 28, 15, 15, 5, 23, 0, 37, 2, 0, 0, 175, 145, 1.195, 5.9, 1.1, 4.9, 7.8, 1.61);
insert into PITCHEO_JUGADOR_EQUIPO values( 173, 6, 2012, 'P', 501, 29, 0, 2, .000, 3.43, 36, 0, 12, 0, 0, 0, 39.1, 35, 15, 15, 5, 13, 0, 28, 0, 2, 4, 162, 133, 1.220, 8.0, 1.1, 3.0, 6.4, 2.15);
insert into PITCHEO_JUGADOR_EQUIPO values( 174, 9, 2012, 'P', 683, 21, 1, 4, .200, 5.45, 12, 6, 2, 0, 0, 0, 38.0, 47, 26, 23, 3, 15, 1, 25, 2, 2, 5, 177, 84, 1.632, 11.1, 0.7, 3.6, 5.9, 1.67);
insert into PITCHEO_JUGADOR_EQUIPO values( 175, 1, 2012, 'P', 618, 37, 0, 0, 0, 1.75, 37, 0, 13, 0, 0, 1, 36.0, 20, 7, 7, 4, 3, 0, 43, 0, 0, 1, 130, 262, 0.639, 5.0, 1.0, 0.8, 10.8, 14.33);
insert into PITCHEO_JUGADOR_EQUIPO values( 176, 9, 2012, 'P', 671, 25, 1, 2, .333, 3.82, 28, 0, 9, 0, 0, 0, 35.1, 24, 16, 15, 5, 17, 1, 38, 1, 0, 2, 151, 120, 1.160, 6.1, 1.3, 4.3, 9.7, 2.24);
insert into PITCHEO_JUGADOR_EQUIPO values( 177, 9, 2012, 'P', 670, 23, 1, 1, .500, 9.00, 5, 2, 3, 0, 0, 0, 14.0, 22, 14, 14, 1, 3, 0, 13, 0, 0, 3, 65, 52, 1.786, 14.1, 0.6, 1.9, 8.4, 4.33);
insert into PITCHEO_JUGADOR_EQUIPO values( 178, 9, 2012, 'P', 665, 28, 0, 0, 0, 18.00, 1, 0, 1, 0, 0, 0, 1.0, 3, 2, 2, 0, 1, 0, 0, 0, 0, 0, 7, 34, 4.000, 27.0, 0.0, 9.0, 0.0, 0.00);
insert into PITCHEO_JUGADOR_EQUIPO values( 179, 6, 2012, 'SP', 509, 31, 13, 10, .565, 3.83, 34, 34, 0, 0, 0, 0, 202.1, 181, 102, 86, 19, 91, 2, 173, 6, 1, 4, 865, 99, 1.344, 8.1, 0.8, 4.0, 7.7, 1.90);
insert into PITCHEO_JUGADOR_EQUIPO values( 180, 6, 2012, 'SP', 508, 29, 20, 5, .800, 2.81, 30, 30, 0, 3, 2, 0, 188.2, 147, 63, 59, 20, 45, 0, 142, 4, 0, 2, 739, 134, 1.018, 7.0, 1.0, 2.1, 6.8, 3.16);
insert into PITCHEO_JUGADOR_EQUIPO values( 181, 14, 2012, 'SP', 141, 29, 9, 13, .409, 5.16, 30, 30, 0, 1, 1, 0, 178.0, 165, 109, 102, 39, 61, 2, 133, 9, 0, 4, 764, 73, 1.270, 8.3, 2.0, 3.1, 6.7, 2.18);
insert into PITCHEO_JUGADOR_EQUIPO values( 182, 18, 2012, 'SP', 860, 31, 12, 13, .480, 4.33, 30, 30, 0, 1, 1, 0, 176.2, 190, 95, 85, 28, 38, 3, 142, 3, 1, 5, 747, 87, 1.291, 9.7, 1.4, 1.9, 7.2, 3.74);
insert into PITCHEO_JUGADOR_EQUIPO values( 183, 23, 2012, 'SP', 23, 28, 6, 2, .750, 3.53, 13, 13, 0, 0, 0, 0, 89.1, 80, 35, 35, 11, 26, 0, 78, 2, 0, 4, 364, 107, 1.187, 8.1, 1.1, 2.6, 7.9, 3.00);
insert into PITCHEO_JUGADOR_EQUIPO values( 184, 6, 2012, 'CL', 499, 26, 4, 2, .667, 2.32, 56, 0, 46, 0, 0, 23, 54.1, 26, 15, 14, 7, 26, 0, 80, 5, 0, 1, 219, 163, 0.957, 4.3, 1.2, 4.3, 13.3, 3.08);
insert into PITCHEO_JUGADOR_EQUIPO values( 185, 6, 2012, 'RP', 498, 36, 1, 1, .500, 3.15, 57, 0, 11, 0, 0, 9, 45.2, 43, 17, 16, 3, 17, 2, 32, 0, 0, 1, 194, 120, 1.314, 8.5, 0.6, 3.4, 6.3, 1.88);
insert into PITCHEO_JUGADOR_EQUIPO values( 186, 6, 2012, 'RP', 500, 27, 3, 2, .600, 3.02, 49, 0, 11, 0, 0, 2, 44.2, 39, 17, 15, 3, 12, 1, 38, 2, 0, 1, 178, 126, 1.142, 7.9, 0.6, 2.4, 7.7, 3.17);
insert into PITCHEO_JUGADOR_EQUIPO values( 187, 16, 2012, 'RP', 412, 39, 2, 3, .400, 3.64, 48, 0, 7, 0, 0, 1, 42.0, 45, 20, 17, 5, 13, 1, 23, 0, 0, 0, 178, 104, 1.381, 9.6, 1.1, 2.8, 4.9, 1.77);
insert into PITCHEO_JUGADOR_EQUIPO values( 188, 6, 2012, 'P', 502, 30, 6, 8, .429, 4.58, 32, 15, 7, 1, 1, 1, 137.2, 139, 73, 70, 17, 35, 1, 98, 5, 0, 1, 572, 82, 1.264, 9.1, 1.1, 2.3, 6.4, 2.80);
insert into PITCHEO_JUGADOR_EQUIPO values( 189, 6, 2012, 'P', 505, 24, 4, 3, .571, 4.69, 30, 9, 4, 0, 0, 1, 71.0, 77, 46, 37, 7, 34, 1, 47, 3, 0, 2, 318, 81, 1.563, 9.8, 0.9, 4.3, 6.0, 1.38);
insert into PITCHEO_JUGADOR_EQUIPO values( 190, 25, 2012, 'P', 165, 37, 0, 3, .000, 4.93, 42, 0, 9, 0, 0, 0, 42.0, 39, 24, 23, 6, 10, 1, 41, 0, 0, 0, 173, 77, 1.167, 8.4, 1.3, 2.1, 8.8, 4.10);
insert into PITCHEO_JUGADOR_EQUIPO values( 191, 17, 2012, 'P', 648, 24, 3, 2, .600, 3.46, 45, 0, 20, 0, 0, 1, 39.0, 35, 15, 15, 3, 18, 1, 48, 0, 0, 7, 172, 110, 1.359, 8.1, 0.7, 4.2, 11.1, 2.67);
insert into PITCHEO_JUGADOR_EQUIPO values( 192, 6, 2012, 'P', 506, 25, 0, 0, 0, 11.57, 3, 0, 2, 0, 0, 0, 2.1, 3, 3, 3, 0, 4, 0, 0, 0, 0, 1, 14, 38, 3.000, 11.6, 0.0, 15.4, 0.0, 0.00);
insert into PITCHEO_JUGADOR_EQUIPO values( 193, 7, 2012, 'SP', 280, 26, 13, 9, .591, 3.06, 33, 33, 0, 5, 5, 0, 232.0, 209, 84, 79, 14, 56, 0, 223, 12, 2, 13, 939, 122, 1.142, 8.1, 0.5, 2.2, 8.7, 3.98);
insert into PITCHEO_JUGADOR_EQUIPO values( 194, 6, 2012, 'SP', 507, 29, 14, 11, .560, 3.85, 33, 33, 0, 2, 0, 0, 217.1, 201, 94, 93, 35, 55, 1, 141, 3, 0, 5, 887, 97, 1.178, 8.3, 1.4, 2.3, 5.8, 2.56);
insert into PITCHEO_JUGADOR_EQUIPO values( 195, 7, 2012, 'SP', 279, 23, 11, 11, .500, 4.43, 26, 26, 0, 0, 0, 0, 152.1, 168, 76, 75, 23, 24, 0, 67, 10, 0, 3, 638, 84, 1.260, 9.9, 1.4, 1.4, 4.0, 2.79);
insert into PITCHEO_JUGADOR_EQUIPO values( 196, 7, 2012, 'SP', 281, 31, 9, 5, .643, 3.16, 30, 16, 6, 0, 0, 2, 125.1, 117, 49, 44, 17, 43, 3, 101, 3, 0, 5, 519, 118, 1.277, 8.4, 1.2, 3.1, 7.3, 2.35);
insert into PITCHEO_JUGADOR_EQUIPO values( 197, 7, 2012, 'CL', 278, 28, 4, 3, .571, 2.50, 73, 0, 48, 0, 0, 29, 79.1, 59, 24, 22, 5, 29, 3, 87, 2, 0, 3, 326, 150, 1.109, 6.7, 0.6, 3.3, 9.9, 3.00);
insert into PITCHEO_JUGADOR_EQUIPO values( 198, 7, 2012, 'RP', 272, 26, 5, 2, .714, 2.72, 48, 0, 8, 0, 0, 0, 46.1, 28, 15, 14, 3, 16, 4, 53, 2, 0, 5, 182, 138, 0.950, 5.4, 0.6, 3.1, 10.3, 3.31);
insert into PITCHEO_JUGADOR_EQUIPO values( 199, 23, 2012, 'RP', 19, 29, 0, 5, .000, 3.63, 46, 0, 24, 0, 0, 9, 44.2, 48, 20, 18, 1, 19, 3, 27, 0, 0, 3, 193, 104, 1.500, 9.7, 0.2, 3.8, 5.4, 1.42);
insert into PITCHEO_JUGADOR_EQUIPO values( 200, 2, 2012, 'RP', 704, 28, 2, 4, .333, 3.25, 47, 0, 10, 0, 0, 0, 44.1, 43, 20, 16, 5, 15, 6, 45, 0, 1, 2, 190, 116, 1.308, 8.7, 1.0, 3.0, 9.1, 3.00);
insert into PITCHEO_JUGADOR_EQUIPO values( 201, 7, 2012, 'RP', 275, 25, 2, 2, .500, 3.98, 63, 0, 16, 0, 0, 2, 40.2, 37, 20, 18, 3, 24, 6, 38, 1, 0, 5, 178, 94, 1.500, 8.2, 0.7, 5.3, 8.4, 1.58);
insert into PITCHEO_JUGADOR_EQUIPO values( 202, 3, 2012, 'P', 71, 28, 2, 1, .667, 4.17, 34, 0, 11, 0, 0, 0, 36.2, 23, 17, 17, 9, 11, 1, 46, 5, 0, 3, 148, 90, 0.927, 5.6, 2.2, 2.7, 11.3, 4.18);
insert into PITCHEO_JUGADOR_EQUIPO values( 203, 7, 2012, 'P', 273, 33, 0, 3, .000, 3.94, 35, 0, 8, 0, 0, 1, 32.0, 24, 14, 14, 3, 15, 3, 36, 3, 0, 2, 136, 96, 1.219, 6.8, 0.8, 4.2, 10.1, 2.40);
insert into PITCHEO_JUGADOR_EQUIPO values( 204, 7, 2012, 'P', 276, 30, 1, 3, .250, 2.12, 33, 0, 6, 0, 0, 0, 29.2, 27, 7, 7, 1, 10, 2, 24, 0, 0, 2, 123, 178, 1.247, 8.2, 0.3, 3.0, 7.3, 2.40);
insert into PITCHEO_JUGADOR_EQUIPO values( 205, 7, 2012, 'P', 271, 21, 0, 0, 0, 3.96, 18, 0, 2, 0, 0, 0, 25.0, 25, 11, 11, 0, 11, 0, 28, 0, 0, 1, 109, 95, 1.440, 9.0, 0.0, 4.0, 10.1, 2.55);
insert into PITCHEO_JUGADOR_EQUIPO values( 206, 7, 2012, 'P', 277, 22, 3, 1, .750, 3.91, 26, 0, 8, 0, 0, 0, 23.0, 22, 13, 10, 5, 13, 2, 27, 0, 0, 3, 104, 97, 1.522, 8.6, 2.0, 5.1, 10.6, 2.08);
insert into PITCHEO_JUGADOR_EQUIPO values( 207, 18, 2012, 'SP', 859, 26, 21, 8, .724, 2.89, 32, 32, 0, 2, 1, 0, 199.1, 149, 69, 64, 9, 76, 3, 207, 5, 1, 10, 822, 136, 1.129, 6.7, 0.4, 3.4, 9.3, 2.72);
insert into PITCHEO_JUGADOR_EQUIPO values( 208, 18, 2012, 'SP', 862, 26, 12, 8, .600, 2.94, 32, 32, 0, 0, 0, 0, 195.2, 186, 69, 64, 18, 43, 2, 153, 8, 0, 3, 805, 133, 1.170, 8.6, 0.8, 2.0, 7.0, 3.56);
insert into PITCHEO_JUGADOR_EQUIPO values( 209, 25, 2012, 'SP', 168, 28, 10, 11, .476, 4.03, 31, 31, 0, 1, 0, 0, 189.2, 173, 90, 85, 23, 58, 5, 168, 2, 0, 3, 790, 97, 1.218, 8.2, 1.1, 2.8, 8.0, 2.90);
insert into PITCHEO_JUGADOR_EQUIPO values( 210, 18, 2012, 'SP', 858, 26, 10, 8, .556, 3.40, 33, 27, 1, 0, 0, 0, 164.1, 149, 75, 62, 15, 52, 0, 105, 5, 1, 4, 686, 115, 1.223, 8.2, 0.8, 2.8, 5.8, 2.02);
insert into PITCHEO_JUGADOR_EQUIPO values( 211, 18, 2012, 'SP', 861, 23, 15, 6, .714, 3.16, 28, 28, 0, 0, 0, 0, 159.1, 136, 62, 56, 15, 48, 1, 197, 4, 0, 5, 653, 124, 1.155, 7.7, 0.8, 2.7, 11.1, 4.10);
insert into PITCHEO_JUGADOR_EQUIPO values( 212, 18, 2012, 'CL', 850, 27, 2, 6, .250, 3.72, 74, 0, 42, 0, 0, 32, 72.2, 55, 32, 30, 7, 29, 2, 84, 2, 0, 5, 307, 106, 1.156, 6.8, 0.9, 3.6, 10.4, 2.90);
insert into PITCHEO_JUGADOR_EQUIPO values( 213, 18, 2012, 'RP', 856, 28, 6, 1, .857, 2.34, 59, 0, 15, 0, 0, 1, 88.1, 70, 27, 23, 7, 36, 4, 87, 2, 0, 3, 370, 168, 1.200, 7.1, 0.7, 3.7, 8.9, 2.42);
insert into PITCHEO_JUGADOR_EQUIPO values( 214, 18, 2012, 'RP', 853, 28, 5, 3, .625, 2.85, 66, 0, 11, 0, 0, 0, 66.1, 57, 22, 21, 8, 19, 5, 41, 3, 0, 3, 265, 138, 1.146, 7.7, 1.1, 2.6, 5.6, 2.16);
insert into PITCHEO_JUGADOR_EQUIPO values( 215, 6, 2012, 'RP', 496, 29, 1, 2, .333, 2.38, 70, 0, 16, 0, 0, 2, 56.2, 58, 16, 15, 4, 12, 3, 57, 3, 0, 2, 239, 165, 1.235, 9.2, 0.6, 1.9, 9.1, 4.75);
insert into PITCHEO_JUGADOR_EQUIPO values( 216, 26, 2012, 'P', 796, 29, 4, 2, .667, 2.88, 45, 1, 11, 0, 0, 1, 72.0, 65, 27, 23, 7, 30, 1, 62, 2, 0, 4, 306, 137, 1.319, 8.1, 0.9, 3.8, 7.8, 2.07);
insert into PITCHEO_JUGADOR_EQUIPO values( 217, 15, 2012, 'P', 256, 27, 4, 1, .800, 4.13, 6, 6, 0, 0, 0, 0, 32.2, 33, 15, 15, 0, 14, 1, 17, 4, 0, 1, 144, 96, 1.439, 9.1, 0.0, 3.9, 4.7, 1.21);
insert into PITCHEO_JUGADOR_EQUIPO values( 218, 18, 2012, 'P', 857, 24, 3, 1, .750, 2.37, 37, 0, 17, 0, 0, 4, 30.1, 22, 8, 8, 0, 8, 0, 24, 1, 0, 1, 116, 167, 0.989, 6.5, 0.0, 2.4, 7.1, 3.00);
insert into PITCHEO_JUGADOR_EQUIPO values( 219, 18, 2012, 'P', 854, 25, 1, 3, .250, 5.83, 35, 0, 20, 0, 0, 9, 29.1, 19, 20, 19, 4, 22, 0, 31, 1, 1, 10, 131, 68, 1.398, 5.8, 1.2, 6.8, 9.5, 1.41);
insert into PITCHEO_JUGADOR_EQUIPO values( 220, 18, 2012, 'P', 851, 29, 1, 0, 1.000, 1.32, 8, 0, 3, 0, 0, 0, 13.2, 11, 2, 2, 0, 4, 0, 10, 0, 0, 0, 56, 306, 1.098, 7.2, 0.0, 2.6, 6.6, 2.50);
insert into PITCHEO_JUGADOR_EQUIPO values( 221, 18, 2012, 'P', 852, 26, 0, 0, 0, 2.13, 13, 0, 2, 0, 0, 0, 12.2, 8, 3, 3, 2, 2, 0, 15, 2, 0, 1, 48, 189, 0.789, 5.7, 1.4, 1.4, 10.7, 7.50);
insert into PITCHEO_JUGADOR_EQUIPO values( 222, 17, 2012, 'SP', 653, 24, 11, 10, .524, 4.12, 30, 30, 0, 0, 0, 0, 179.1, 151, 88, 82, 26, 56, 7, 145, 5, 0, 3, 728, 97, 1.154, 7.6, 1.3, 2.8, 7.3, 2.59);
insert into PITCHEO_JUGADOR_EQUIPO values( 223, 17, 2012, 'SP', 650, 36, 16, 7, .696, 3.62, 28, 28, 0, 1, 1, 0, 179.0, 168, 77, 72, 12, 48, 2, 102, 9, 0, 3, 749, 110, 1.207, 8.4, 0.6, 2.4, 5.1, 2.13);
insert into PITCHEO_JUGADOR_EQUIPO values( 224, 6, 2012, 'SP', 504, 25, 13, 10, .565, 4.48, 31, 31, 0, 0, 0, 0, 174.2, 183, 95, 87, 27, 71, 5, 161, 5, 0, 6, 761, 89, 1.454, 9.4, 1.4, 3.7, 8.3, 2.27);
insert into PITCHEO_JUGADOR_EQUIPO values( 225, 17, 2012, 'SP', 649, 25, 5, 5, .500, 2.00, 13, 13, 0, 1, 1, 0, 81.0, 49, 24, 18, 6, 29, 1, 68, 1, 0, 4, 319, 200, 0.963, 5.4, 0.7, 3.2, 7.6, 2.34);
insert into PITCHEO_JUGADOR_EQUIPO values( 226, 17, 2012, 'SP', 651, 30, 4, 5, .444, 3.54, 11, 11, 0, 1, 1, 0, 68.2, 63, 29, 27, 8, 19, 1, 59, 1, 0, 1, 283, 113, 1.194, 8.3, 1.0, 2.5, 7.7, 3.11);
insert into PITCHEO_JUGADOR_EQUIPO values( 227, 17, 2012, 'CL', 643, 24, 3, 1, .750, 1.01, 63, 0, 56, 0, 0, 42, 62.2, 27, 7, 7, 3, 14, 0, 116, 2, 0, 5, 231, 399, 0.654, 3.9, 0.4, 2.0, 16.7, 8.29);
insert into PITCHEO_JUGADOR_EQUIPO values( 228, 17, 2012, 'RP', 644, 30, 5, 4, .556, 3.91, 54, 0, 26, 0, 0, 1, 73.2, 80, 33, 32, 6, 19, 4, 65, 0, 1, 2, 313, 103, 1.344, 9.8, 0.7, 2.3, 7.9, 3.42);
insert into PITCHEO_JUGADOR_EQUIPO values( 229, 15, 2012, 'RP', 249, 34, 4, 1, .800, 3.10, 76, 0, 19, 0, 0, 1, 61.0, 52, 25, 21, 9, 28, 3, 49, 0, 0, 1, 257, 130, 1.311, 7.7, 1.3, 4.1, 7.2, 1.75);
insert into PITCHEO_JUGADOR_EQUIPO values( 230, 17, 2012, 'RP', 647, 27, 5, 4, .556, 3.22, 66, 0, 12, 0, 0, 0, 58.2, 61, 23, 21, 6, 28, 3, 69, 5, 0, 9, 262, 125, 1.517, 9.4, 0.9, 4.3, 10.6, 2.46);
insert into PITCHEO_JUGADOR_EQUIPO values( 231, 17, 2012, 'RP', 645, 27, 3, 0, 1.000, 1.73, 64, 0, 7, 0, 0, 0, 57.1, 47, 14, 11, 3, 19, 2, 46, 2, 0, 1, 230, 233, 1.151, 7.4, 0.5, 3.0, 7.2, 2.42);
insert into PITCHEO_JUGADOR_EQUIPO values( 232, 17, 2012, 'P', 652, 26, 10, 1, .909, 1.57, 50, 12, 7, 2, 1, 1, 138.0, 103, 26, 24, 6, 23, 0, 120, 0, 0, 3, 520, 256, 0.913, 6.7, 0.4, 1.5, 7.8, 5.22);
insert into PITCHEO_JUGADOR_EQUIPO values( 233, 17, 2012, 'P', 641, 22, 1, 0, 1.000, 2.00, 31, 0, 2, 0, 0, 0, 36.0, 27, 9, 8, 1, 10, 1, 33, 1, 1, 3, 142, 202, 1.028, 6.8, 0.3, 2.5, 8.3, 3.30);
insert into PITCHEO_JUGADOR_EQUIPO values( 234, 17, 2012, 'P', 642, 26, 0, 1, .000, 1.80, 22, 0, 7, 0, 0, 0, 20.0, 17, 4, 4, 1, 5, 0, 20, 2, 0, 2, 80, 226, 1.100, 7.7, 0.5, 2.3, 9.0, 4.00);
insert into PITCHEO_JUGADOR_EQUIPO values( 235, 17, 2012, 'P', 646, 27, 1, 1, .500, 5.40, 12, 0, 5, 0, 0, 0, 16.2, 16, 11, 10, 2, 9, 1, 21, 2, 0, 3, 76, 76, 1.500, 8.6, 1.1, 4.9, 11.3, 2.33);
insert into PITCHEO_JUGADOR_EQUIPO values( 236, 17, 2012, 'P', 654, 21, 0, 0, 0, 5.68, 2, 1, 0, 0, 0, 0, 6.1, 5, 4, 4, 0, 1, 0, 5, 0, 0, 0, 24, 74, 0.947, 7.1, 0.0, 1.4, 7.1, 5.00);
insert into PITCHEO_JUGADOR_EQUIPO values( 237, 15, 2012, 'SP', 254, 28, 17, 6, .739, 3.05, 31, 31, 0, 2, 2, 0, 215.1, 190, 80, 73, 24, 52, 3, 216, 3, 2, 3, 867, 132, 1.124, 7.9, 1.0, 2.2, 9.0, 4.15);
insert into PITCHEO_JUGADOR_EQUIPO values( 238, 15, 2012, 'SP', 257, 33, 6, 9, .400, 3.16, 30, 30, 0, 0, 0, 0, 211.0, 207, 79, 74, 26, 28, 0, 207, 0, 0, 4, 847, 128, 1.114, 8.8, 1.1, 1.2, 8.8, 7.39);
insert into PITCHEO_JUGADOR_EQUIPO values( 239, 15, 2012, 'SP', 255, 27, 11, 12, .478, 3.90, 37, 25, 2, 1, 1, 0, 159.1, 154, 76, 69, 20, 49, 4, 116, 7, 0, 1, 674, 104, 1.274, 8.7, 1.1, 2.8, 6.6, 2.37);
insert into PITCHEO_JUGADOR_EQUIPO values( 240, 15, 2012, 'SP', 253, 35, 11, 8, .579, 4.49, 25, 25, 0, 0, 0, 0, 156.1, 155, 78, 78, 18, 36, 0, 132, 5, 0, 2, 646, 90, 1.222, 8.9, 1.0, 2.1, 7.6, 3.67);
insert into PITCHEO_JUGADOR_EQUIPO values( 241, 6, 2012, 'SP', 503, 31, 8, 9, .471, 4.59, 21, 20, 1, 2, 1, 0, 133.1, 141, 74, 68, 22, 18, 2, 115, 3, 0, 4, 560, 88, 1.193, 9.5, 1.5, 1.2, 7.8, 6.39);
insert into PITCHEO_JUGADOR_EQUIPO values( 242, 12, 2012, 'SP', 480, 24, 6, 9, .400, 4.20, 23, 23, 0, 0, 0, 0, 133.0, 154, 69, 62, 12, 47, 4, 107, 6, 0, 1, 590, 96, 1.511, 10.4, 0.8, 3.2, 7.2, 2.28);
insert into PITCHEO_JUGADOR_EQUIPO values( 243, 15, 2012, 'CL', 251, 31, 5, 6, .455, 2.44, 70, 0, 64, 0, 0, 38, 70.0, 56, 22, 19, 8, 18, 1, 92, 4, 0, 0, 284, 166, 1.057, 7.2, 1.0, 2.3, 11.8, 5.11);
insert into PITCHEO_JUGADOR_EQUIPO values( 244, 15, 2012, 'RP', 248, 26, 2, 5, .286, 4.33, 65, 0, 10, 0, 0, 1, 52.0, 40, 26, 25, 7, 26, 3, 81, 2, 0, 5, 224, 94, 1.269, 6.9, 1.2, 4.5, 14.0, 3.12);
insert into PITCHEO_JUGADOR_EQUIPO values( 245, 3, 2012, 'RP', 78, 26, 2, 1, .667, 4.46, 35, 0, 16, 0, 0, 0, 34.1, 30, 18, 17, 3, 16, 2, 36, 2, 0, 1, 147, 91, 1.340, 7.9, 0.8, 4.2, 9.4, 2.25);
insert into PITCHEO_JUGADOR_EQUIPO values( 246, 19, 2012, 'RP', 532, 33, 1, 1, .500, 4.60, 35, 0, 6, 0, 0, 0, 31.1, 39, 18, 16, 7, 9, 3, 19, 0, 0, 2, 140, 89, 1.532, 11.2, 2.0, 2.6, 5.5, 2.11);
insert into PITCHEO_JUGADOR_EQUIPO values( 247, 15, 2012, 'RP', 250, 26, 2, 0, 1.000, 1.15, 32, 0, 9, 0, 0, 0, 31.1, 21, 8, 4, 1, 14, 1, 40, 1, 0, 1, 125, 355, 1.117, 6.0, 0.3, 4.0, 11.5, 2.86);
insert into PITCHEO_JUGADOR_EQUIPO values( 248, 15, 2012, 'P', 252, 34, 3, 2, .600, 2.90, 27, 1, 7, 0, 0, 0, 31.0, 18, 10, 10, 3, 5, 1, 35, 0, 0, 0, 113, 141, 0.742, 5.2, 0.9, 1.5, 10.2, 7.00);
insert into PITCHEO_JUGADOR_EQUIPO values( 249, 15, 2012, 'P', 247, 23, 0, 1, .000, 3.68, 18, 0, 3, 0, 0, 2, 14.2, 10, 6, 6, 0, 9, 1, 14, 1, 0, 2, 65, 112, 1.295, 6.1, 0.0, 5.5, 8.6, 1.56);
insert into PITCHEO_JUGADOR_EQUIPO values( 250, 3, 2012, 'SP', 80, 37, 20, 6, .769, 2.73, 34, 33, 1, 5, 3, 0, 233.2, 192, 78, 71, 24, 54, 2, 230, 9, 1, 4, 927, 139, 1.053, 7.4, 0.9, 2.1, 8.9, 4.26);
insert into PITCHEO_JUGADOR_EQUIPO values( 251, 16, 2012, 'SP', 423, 33, 6, 9, .400, 4.85, 21, 21, 0, 2, 2, 0, 117.0, 117, 65, 63, 17, 39, 1, 111, 0, 0, 1, 499, 79, 1.333, 9.0, 1.3, 3.0, 8.5, 2.85);
insert into PITCHEO_JUGADOR_EQUIPO values( 252, 8, 2012, 'SP', 579, 33, 4, 9, .308, 4.15, 20, 20, 0, 0, 0, 0, 115.0, 119, 58, 53, 16, 36, 5, 80, 2, 0, 3, 493, 92, 1.348, 9.3, 1.3, 2.8, 6.3, 2.22);
insert into PITCHEO_JUGADOR_EQUIPO values( 253, 16, 2012, 'SP', 417, 26, 6, 7, .462, 4.10, 17, 17, 0, 0, 0, 0, 109.2, 108, 56, 50, 12, 29, 0, 97, 6, 1, 0, 463, 93, 1.249, 8.9, 1.0, 2.4, 8.0, 3.34);
insert into PITCHEO_JUGADOR_EQUIPO values( 254, 16, 2012, 'CL', 411, 32, 1, 3, .250, 5.53, 48, 0, 38, 0, 0, 23, 42.1, 47, 27, 26, 5, 21, 1, 47, 0, 1, 2, 197, 69, 1.606, 10.0, 1.1, 4.5, 10.0, 2.24);
insert into PITCHEO_JUGADOR_EQUIPO values( 255, 16, 2012, 'RP', 415, 27, 5, 4, .556, 2.49, 74, 0, 23, 0, 0, 7, 68.2, 65, 24, 19, 4, 20, 2, 61, 1, 0, 1, 288, 153, 1.238, 8.5, 0.5, 2.6, 8.0, 3.05);
insert into PITCHEO_JUGADOR_EQUIPO values( 256, 19, 2012, 'RP', 534, 33, 3, 7, .300, 3.59, 73, 0, 22, 0, 0, 4, 57.2, 45, 28, 23, 7, 12, 2, 42, 1, 0, 1, 233, 106, 0.988, 7.0, 1.1, 1.9, 6.6, 3.50);
insert into PITCHEO_JUGADOR_EQUIPO values( 257, 16, 2012, 'P', 419, 26, 4, 7, .364, 5.09, 26, 13, 5, 0, 0, 0, 93.2, 110, 55, 53, 9, 18, 1, 62, 2, 0, 7, 408, 75, 1.367, 10.6, 0.9, 1.7, 6.0, 3.44);
insert into PITCHEO_JUGADOR_EQUIPO values( 258, 16, 2012, 'P', 418, 23, 3, 5, .375, 2.73, 10, 10, 0, 0, 0, 0, 59.1, 42, 19, 18, 5, 26, 0, 70, 3, 0, 3, 245, 140, 1.146, 6.4, 0.8, 3.9, 10.6, 2.69);
insert into PITCHEO_JUGADOR_EQUIPO values( 259, 16, 2012, 'P', 410, 25, 1, 2, .333, 4.56, 34, 0, 6, 0, 0, 0, 25.2, 19, 14, 13, 5, 10, 0, 30, 2, 0, 0, 107, 85, 1.130, 6.7, 1.8, 3.5, 10.5, 3.00);
insert into PITCHEO_JUGADOR_EQUIPO values( 260, 12, 2012, 'P', 479, 28, 0, 0, 0, 2.29, 3, 3, 0, 0, 0, 0, 19.2, 24, 5, 5, 0, 4, 0, 13, 0, 0, 1, 85, 169, 1.424, 11.0, 0.0, 1.8, 5.9, 3.25);
insert into PITCHEO_JUGADOR_EQUIPO values( 261, 16, 2012, 'P', 414, 22, 1, 2, .333, 5.63, 5, 3, 1, 0, 0, 0, 16.0, 20, 10, 10, 2, 9, 0, 8, 0, 0, 1, 74, 69, 1.813, 11.3, 1.1, 5.1, 4.5, 0.89);
insert into PITCHEO_JUGADOR_EQUIPO values( 262, 3, 2012, 'SP', 79, 33, 13, 13, .500, 3.74, 31, 31, 0, 1, 0, 0, 202.1, 197, 88, 84, 26, 40, 3, 125, 4, 0, 2, 828, 106, 1.171, 8.8, 1.2, 1.8, 5.6, 3.13);
insert into PITCHEO_JUGADOR_EQUIPO values( 263, 3, 2012, 'SP', 84, 28, 8, 14, .364, 3.81, 31, 31, 0, 0, 0, 0, 191.1, 180, 84, 81, 14, 65, 7, 165, 4, 0, 5, 798, 104, 1.280, 8.5, 0.7, 3.1, 7.8, 2.54);
insert into PITCHEO_JUGADOR_EQUIPO values( 264, 19, 2012, 'SP', 540, 29, 12, 13, .480, 4.48, 31, 31, 0, 3, 2, 0, 191.0, 214, 100, 95, 18, 47, 9, 125, 8, 1, 8, 832, 88, 1.366, 10.1, 0.8, 2.2, 5.9, 2.66);
insert into PITCHEO_JUGADOR_EQUIPO values( 265, 11, 2012, 'SP', 390, 28, 5, 7, .417, 3.94, 19, 19, 0, 0, 0, 0, 121.0, 119, 59, 53, 12, 33, 2, 110, 2, 1, 4, 504, 101, 1.256, 8.9, 0.9, 2.5, 8.2, 3.33);
insert into PITCHEO_JUGADOR_EQUIPO values( 266, 19, 2012, 'SP', 537, 22, 3, 7, .300, 4.43, 12, 12, 0, 0, 0, 0, 63.0, 70, 32, 31, 5, 27, 1, 44, 3, 0, 0, 285, 90, 1.540, 10.0, 0.7, 3.9, 6.3, 1.63);
insert into PITCHEO_JUGADOR_EQUIPO values( 267, 20, 2012, 'CL', 298, 34, 4, 5, .444, 5.09, 73, 0, 41, 0, 0, 19, 63.2, 70, 38, 36, 5, 29, 3, 59, 2, 0, 2, 286, 78, 1.555, 9.9, 0.7, 4.1, 8.3, 2.03);
insert into PITCHEO_JUGADOR_EQUIPO values( 268, 24, 2012, 'RP', 331, 29, 4, 2, .667, 4.54, 46, 0, 11, 0, 0, 0, 69.1, 72, 39, 35, 6, 26, 5, 57, 3, 1, 3, 302, 87, 1.413, 9.3, 0.8, 3.4, 7.4, 2.19);
insert into PITCHEO_JUGADOR_EQUIPO values( 269, 19, 2012, 'RP', 529, 26, 5, 2, .714, 2.69, 68, 0, 36, 0, 0, 15, 63.2, 54, 26, 19, 3, 29, 6, 68, 6, 1, 1, 275, 148, 1.304, 7.6, 0.4, 4.1, 9.6, 2.34);
insert into PITCHEO_JUGADOR_EQUIPO values( 270, 19, 2012, 'RP', 535, 26, 4, 3, .571, 4.03, 65, 0, 21, 0, 0, 0, 60.1, 72, 30, 27, 2, 20, 8, 44, 4, 0, 0, 270, 99, 1.525, 10.7, 0.3, 3.0, 6.6, 2.20);
insert into PITCHEO_JUGADOR_EQUIPO values( 271, 19, 2012, 'RP', 530, 27, 0, 3, .000, 4.91, 60, 0, 8, 0, 0, 1, 44.0, 49, 31, 24, 3, 29, 8, 47, 0, 0, 2, 208, 81, 1.773, 10.0, 0.6, 5.9, 9.6, 1.62);
insert into PITCHEO_JUGADOR_EQUIPO values( 272, 19, 2012, 'P', 539, 27, 2, 5, .286, 3.67, 25, 9, 1, 0, 0, 0, 68.2, 71, 30, 28, 7, 19, 1, 43, 1, 0, 1, 284, 108, 1.311, 9.3, 0.9, 2.5, 5.6, 2.26);
insert into PITCHEO_JUGADOR_EQUIPO values( 273, 27, 2012, 'P', 763, 28, 0, 3, .000, 4.38, 41, 0, 14, 0, 0, 2, 39.0, 36, 21, 19, 6, 9, 2, 26, 1, 0, 0, 161, 91, 1.154, 8.3, 1.4, 2.1, 6.0, 2.89);
insert into PITCHEO_JUGADOR_EQUIPO values( 274, 27, 2012, 'P', 760, 36, 0, 0, 0, 2.49, 44, 0, 4, 0, 0, 1, 25.1, 16, 11, 7, 0, 9, 0, 27, 3, 0, 2, 104, 161, 0.987, 5.7, 0.0, 3.2, 9.6, 3.00);
insert into PITCHEO_JUGADOR_EQUIPO values( 275, 19, 2012, 'P', 533, 25, 0, 0, 0, 3.86, 11, 0, 4, 0, 0, 0, 9.1, 8, 4, 4, 2, 4, 0, 13, 1, 0, 0, 40, 107, 1.286, 7.7, 1.9, 3.9, 12.5, 3.25);
insert into PITCHEO_JUGADOR_EQUIPO values( 276, 29, 2012, 'SP', 51, 26, 19, 9, .679, 2.78, 33, 33, 0, 2, 0, 0, 217.0, 205, 73, 67, 15, 49, 5, 170, 12, 3, 1, 888, 151, 1.171, 8.5, 0.6, 2.0, 7.1, 3.47);
insert into PITCHEO_JUGADOR_EQUIPO values( 277, 29, 2012, 'SP', 52, 24, 14, 4, .778, 3.48, 33, 33, 0, 2, 0, 0, 209.1, 179, 87, 81, 25, 64, 9, 185, 4, 1, 3, 858, 120, 1.161, 7.7, 1.1, 2.8, 8.0, 2.89);
insert into PITCHEO_JUGADOR_EQUIPO values( 278, 29, 2012, 'SP', 50, 26, 13, 10, .565, 3.68, 33, 33, 0, 2, 1, 0, 208.0, 206, 97, 85, 26, 52, 3, 168, 8, 0, 3, 874, 114, 1.240, 8.9, 1.1, 2.3, 7.3, 3.23);
insert into PITCHEO_JUGADOR_EQUIPO values( 279, 29, 2012, 'SP', 49, 35, 12, 10, .545, 3.74, 32, 32, 0, 1, 1, 0, 202.0, 209, 86, 84, 26, 35, 1, 129, 5, 0, 3, 835, 112, 1.208, 9.3, 1.2, 1.6, 5.7, 3.69);
insert into PITCHEO_JUGADOR_EQUIPO values( 280, 29, 2012, 'SP', 53, 24, 8, 9, .471, 4.58, 30, 30, 0, 2, 0, 0, 179.0, 201, 97, 91, 26, 41, 3, 116, 3, 0, 3, 757, 92, 1.352, 10.1, 1.3, 2.1, 5.8, 2.83);
insert into PITCHEO_JUGADOR_EQUIPO values( 281, 29, 2012, 'CL', 41, 24, 5, 5, .500, 1.51, 68, 0, 52, 0, 0, 38, 71.2, 35, 13, 12, 4, 23, 0, 122, 4, 0, 4, 276, 279, 0.809, 4.4, 0.5, 2.9, 15.3, 5.30);
insert into PITCHEO_JUGADOR_EQUIPO values( 282, 29, 2012, 'RP', 44, 29, 5, 5, .500, 2.51, 73, 0, 22, 0, 0, 9, 61.0, 55, 18, 17, 3, 16, 2, 74, 3, 1, 1, 256, 168, 1.164, 8.1, 0.4, 2.4, 10.9, 4.63);
insert into PITCHEO_JUGADOR_EQUIPO values( 283, 29, 2012, 'RP', 43, 28, 3, 3, .500, 3.14, 48, 0, 12, 0, 0, 0, 57.1, 46, 22, 20, 3, 23, 2, 61, 1, 0, 2, 237, 134, 1.203, 7.2, 0.5, 3.6, 9.6, 2.65);
insert into PITCHEO_JUGADOR_EQUIPO values( 284, 29, 2012, 'RP', 46, 27, 5, 2, .714, 3.46, 63, 0, 20, 0, 0, 2, 54.2, 51, 23, 21, 8, 31, 4, 39, 3, 0, 5, 243, 122, 1.500, 8.4, 1.3, 5.1, 6.4, 1.26);
insert into PITCHEO_JUGADOR_EQUIPO values( 285, 29, 2012, 'P', 48, 31, 3, 2, .600, 2.66, 36, 0, 13, 0, 0, 1, 61.0, 65, 22, 18, 2, 22, 1, 52, 6, 0, 9, 269, 159, 1.426, 9.6, 0.3, 3.2, 7.7, 2.36);
insert into PITCHEO_JUGADOR_EQUIPO values( 286, 29, 2012, 'P', 42, 24, 1, 0, 1.000, 2.05, 28, 0, 6, 0, 0, 1, 30.2, 17, 7, 7, 2, 13, 1, 31, 0, 0, 0, 123, 206, 0.978, 5.0, 0.6, 3.8, 9.1, 2.38);
insert into PITCHEO_JUGADOR_EQUIPO values( 287, 29, 2012, 'P', 40, 28, 3, 3, .500, 2.82, 25, 0, 7, 0, 0, 4, 22.1, 20, 7, 7, 1, 3, 0, 20, 1, 0, 0, 87, 151, 1.030, 8.1, 0.4, 1.2, 8.1, 6.67);
insert into PITCHEO_JUGADOR_EQUIPO values( 288, 26, 2012, 'SP', 802, 33, 16, 3, .842, 2.86, 33, 33, 0, 0, 0, 0, 211.0, 192, 74, 67, 19, 38, 1, 143, 4, 0, 1, 864, 134, 1.090, 8.2, 0.8, 1.6, 6.1, 3.76);
insert into PITCHEO_JUGADOR_EQUIPO values( 289, 27, 2012, 'SP', 771, 30, 14, 13, .519, 3.94, 32, 32, 0, 3, 2, 0, 198.2, 196, 96, 87, 15, 52, 3, 184, 6, 2, 5, 831, 97, 1.248, 8.9, 0.7, 2.4, 8.3, 3.54);
insert into PITCHEO_JUGADOR_EQUIPO values( 290, 27, 2012, 'SP', 770, 25, 18, 7, .720, 3.78, 35, 29, 2, 0, 0, 0, 176.0, 168, 76, 74, 16, 64, 3, 180, 10, 0, 3, 744, 102, 1.318, 8.6, 0.8, 3.3, 9.2, 2.81);
insert into PITCHEO_JUGADOR_EQUIPO values( 291, 27, 2012, 'SP', 772, 34, 13, 11, .542, 3.97, 28, 28, 0, 1, 0, 0, 174.2, 191, 85, 77, 12, 52, 0, 106, 8, 0, 5, 751, 97, 1.391, 9.8, 0.6, 2.7, 5.5, 2.04);
insert into PITCHEO_JUGADOR_EQUIPO values( 292, 27, 2012, 'SP', 768, 25, 7, 7, .500, 3.92, 20, 20, 0, 0, 0, 0, 121.2, 136, 58, 53, 7, 30, 1, 98, 0, 1, 12, 515, 98, 1.364, 10.1, 0.5, 2.2, 7.2, 3.27);
insert into PITCHEO_JUGADOR_EQUIPO values( 293, 27, 2012, 'SP', 769, 24, 5, 7, .417, 3.53, 24, 16, 4, 0, 0, 0, 107.0, 112, 50, 42, 10, 36, 2, 75, 3, 0, 4, 457, 109, 1.383, 9.4, 0.8, 3.0, 6.3, 2.08);
insert into PITCHEO_JUGADOR_EQUIPO values( 294, 27, 2012, 'CL', 762, 30, 4, 5, .444, 2.75, 67, 0, 58, 0, 0, 42, 72.0, 49, 23, 22, 9, 17, 1, 86, 2, 0, 0, 279, 140, 0.917, 6.1, 1.1, 2.1, 10.8, 5.06);
insert into PITCHEO_JUGADOR_EQUIPO values( 295, 27, 2012, 'RP', 759, 28, 4, 1, .800, 2.21, 78, 0, 12, 0, 0, 0, 73.1, 56, 20, 18, 5, 21, 3, 58, 4, 0, 0, 296, 174, 1.050, 6.9, 0.6, 2.6, 7.1, 2.76);
insert into PITCHEO_JUGADOR_EQUIPO values( 296, 27, 2012, 'RP', 766, 27, 1, 4, .200, 4.30, 65, 0, 23, 0, 0, 0, 58.2, 56, 28, 28, 5, 27, 5, 60, 1, 0, 4, 256, 90, 1.415, 8.6, 0.8, 4.1, 9.2, 2.22);
insert into PITCHEO_JUGADOR_EQUIPO values( 297, 27, 2012, 'RP', 765, 26, 1, 3, .250, 4.24, 70, 0, 14, 0, 0, 0, 46.2, 46, 22, 22, 7, 17, 2, 33, 0, 0, 3, 196, 91, 1.350, 8.9, 1.4, 3.3, 6.4, 1.94);
insert into PITCHEO_JUGADOR_EQUIPO values( 298, 27, 2012, 'P', 763, 28, 0, 0, 0, 1.03, 29, 0, 2, 0, 0, 0, 26.1, 20, 3, 3, 1, 3, 1, 21, 0, 0, 1, 97, 379, 0.873, 6.8, 0.3, 1.0, 7.2, 7.00);
insert into PITCHEO_JUGADOR_EQUIPO values( 299, 27, 2012, 'P', 764, 22, 0, 2, .000, 2.78, 19, 0, 7, 0, 0, 0, 22.2, 14, 7, 7, 2, 7, 0, 25, 1, 0, 1, 89, 140, 0.926, 5.6, 0.8, 2.8, 9.9, 3.57);
insert into PITCHEO_JUGADOR_EQUIPO values( 300, 27, 2012, 'P', 767, 37, 0, 2, .000, 3.71, 3, 3, 0, 0, 0, 0, 17.0, 16, 7, 7, 2, 3, 0, 12, 2, 0, 0, 72, 106, 1.118, 8.5, 1.1, 1.6, 6.4, 4.00);
insert into PITCHEO_JUGADOR_EQUIPO values( 301, 27, 2012, 'P', 761, 21, 1, 0, 1.000, 1.32, 6, 1, 1, 0, 0, 0, 13.2, 9, 2, 2, 0, 4, 0, 16, 1, 0, 0, 54, 300, 0.951, 5.9, 0.0, 2.6, 10.5, 4.00);
insert into PITCHEO_JUGADOR_EQUIPO values( 302, 26, 2012, 'SP', 801, 26, 16, 9, .640, 3.66, 33, 33, 0, 0, 0, 0, 204.0, 185, 86, 83, 26, 81, 3, 204, 0, 0, 5, 860, 112, 1.304, 8.2, 1.1, 3.6, 9.0, 2.52);
insert into PITCHEO_JUGADOR_EQUIPO values( 303, 26, 2012, 'SP', 799, 28, 5, 7, .417, 3.64, 29, 23, 0, 0, 0, 0, 138.1, 129, 62, 56, 18, 29, 0, 143, 0, 1, 4, 562, 113, 1.142, 8.4, 1.2, 1.9, 9.3, 4.93);
insert into PITCHEO_JUGADOR_EQUIPO values( 304, 26, 2012, 'SP', 800, 27, 9, 10, .474, 3.74, 23, 22, 1, 0, 0, 0, 127.2, 125, 56, 53, 12, 36, 0, 135, 2, 0, 4, 539, 110, 1.261, 8.8, 0.8, 2.5, 9.5, 3.75);
insert into PITCHEO_JUGADOR_EQUIPO values( 305, 16, 2012, 'SP', 421, 30, 7, 4, .636, 3.70, 21, 21, 0, 0, 0, 0, 124.0, 116, 57, 51, 16, 41, 2, 109, 4, 2, 3, 527, 111, 1.266, 8.4, 1.2, 3.0, 7.9, 2.66);
insert into PITCHEO_JUGADOR_EQUIPO values( 306, 23, 2012, 'SP', 23, 28, 9, 3, .750, 3.44, 21, 21, 0, 0, 0, 0, 123.0, 120, 49, 47, 7, 28, 0, 122, 0, 0, 4, 504, 120, 1.203, 8.8, 0.5, 2.0, 8.9, 4.36);
insert into PITCHEO_JUGADOR_EQUIPO values( 307, 26, 2012, 'CL', 792, 29, 5, 8, .385, 4.67, 75, 0, 54, 0, 0, 35, 69.1, 61, 42, 36, 10, 39, 2, 93, 2, 0, 10, 310, 88, 1.442, 7.9, 1.3, 5.1, 12.1, 2.38);
insert into PITCHEO_JUGADOR_EQUIPO values( 308, 7, 2012, 'RP', 274, 30, 6, 5, .545, 4.61, 70, 0, 20, 0, 0, 2, 68.1, 78, 41, 35, 9, 20, 3, 55, 3, 0, 4, 303, 90, 1.434, 10.3, 1.2, 2.6, 7.2, 2.75);
insert into PITCHEO_JUGADOR_EQUIPO values( 309, 28, 2012, 'RP', 736, 31, 5, 4, .556, 3.63, 72, 0, 17, 0, 0, 1, 67.0, 61, 29, 27, 5, 40, 1, 79, 2, 0, 1, 300, 114, 1.507, 8.2, 0.7, 5.4, 10.6, 1.98);
insert into PITCHEO_JUGADOR_EQUIPO values( 310, 29, 2012, 'RP', 47, 29, 2, 3, .400, 5.06, 62, 0, 8, 0, 0, 0, 58.2, 62, 39, 33, 3, 35, 2, 61, 3, 0, 6, 273, 82, 1.653, 9.5, 0.5, 5.4, 9.4, 1.74);
insert into PITCHEO_JUGADOR_EQUIPO values( 311, 26, 2012, 'P', 804, 26, 3, 1, .750, 3.92, 7, 7, 0, 0, 0, 0, 39.0, 36, 17, 17, 5, 14, 0, 41, 1, 0, 1, 165, 106, 1.282, 8.3, 1.2, 3.2, 9.5, 2.93);
insert into PITCHEO_JUGADOR_EQUIPO values( 312, 26, 2012, 'P', 803, 23, 2, 1, .667, 2.48, 6, 5, 1, 0, 0, 0, 29.0, 24, 8, 8, 0, 11, 0, 23, 0, 0, 1, 113, 168, 1.207, 7.4, 0.0, 3.4, 7.1, 2.09);
insert into PITCHEO_JUGADOR_EQUIPO values( 313, 26, 2012, 'P', 798, 27, 3, 0, 1.000, 3.78, 14, 0, 1, 0, 0, 0, 16.2, 18, 7, 7, 1, 7, 1, 14, 0, 0, 1, 72, 111, 1.500, 9.7, 0.5, 3.8, 7.6, 2.00);
insert into PITCHEO_JUGADOR_EQUIPO values( 314, 26, 2012, 'P', 790, 30, 1, 1, .500, 7.00, 2, 2, 0, 0, 0, 0, 9.0, 10, 8, 7, 2, 4, 0, 5, 0, 0, 0, 41, 61, 1.556, 10.0, 2.0, 4.0, 5.0, 1.25);
insert into PITCHEO_JUGADOR_EQUIPO values( 315, 30, 2012, 'SP', 107, 35, 16, 10, .615, 3.51, 31, 31, 0, 1, 1, 0, 202.1, 189, 86, 79, 18, 62, 1, 180, 9, 0, 10, 851, 106, 1.241, 8.4, 0.8, 2.8, 8.0, 2.90);
insert into PITCHEO_JUGADOR_EQUIPO values( 316, 30, 2012, 'SP', 111, 27, 12, 8, .600, 4.21, 30, 29, 0, 1, 0, 0, 171.0, 147, 85, 80, 21, 69, 6, 151, 4, 0, 3, 713, 88, 1.263, 7.7, 1.1, 3.6, 7.9, 2.19);
insert into PITCHEO_JUGADOR_EQUIPO values( 317, 12, 2012, 'SP', 474, 31, 12, 11, .522, 4.21, 32, 28, 0, 0, 0, 0, 171.0, 176, 89, 80, 20, 46, 2, 89, 3, 0, 2, 728, 88, 1.298, 9.3, 1.1, 2.4, 4.7, 1.93);
insert into PITCHEO_JUGADOR_EQUIPO values( 318, 28, 2012, 'SP', 738, 33, 7, 14, .333, 5.01, 24, 24, 0, 0, 0, 0, 125.2, 129, 76, 70, 14, 56, 2, 118, 3, 1, 1, 557, 74, 1.472, 9.2, 1.0, 4.0, 8.5, 2.11);
insert into PITCHEO_JUGADOR_EQUIPO values( 319, 30, 2012, 'SP', 108, 29, 5, 4, .556, 3.97, 19, 15, 0, 0, 0, 0, 90.2, 89, 41, 40, 8, 15, 0, 66, 1, 1, 3, 372, 94, 1.147, 8.8, 0.8, 1.5, 6.6, 4.40);
insert into PITCHEO_JUGADOR_EQUIPO values( 320, 30, 2012, 'SP', 113, 33, 5, 4, .556, 3.72, 13, 12, 1, 0, 0, 0, 75.0, 71, 33, 31, 8, 24, 2, 50, 1, 0, 0, 317, 100, 1.267, 8.5, 1.0, 2.9, 6.0, 2.08);
insert into PITCHEO_JUGADOR_EQUIPO values( 321, 1, 2012, 'CL', 614, 30, 5, 2, .714, 2.72, 63, 0, 57, 0, 0, 36, 59.2, 40, 18, 18, 8, 36, 0, 67, 1, 0, 6, 254, 138, 1.274, 6.0, 1.2, 5.4, 10.1, 1.86);
insert into PITCHEO_JUGADOR_EQUIPO values( 322, 30, 2012, 'RP', 102, 26, 2, 2, .500, 2.85, 66, 0, 20, 0, 0, 2, 75.2, 65, 30, 24, 7, 22, 4, 50, 5, 0, 5, 316, 131, 1.150, 7.7, 0.8, 2.6, 5.9, 2.27);
insert into PITCHEO_JUGADOR_EQUIPO values( 323, 8, 2012, 'RP', 588, 29, 1, 4, .200, 3.91, 61, 0, 13, 0, 0, 1, 73.2, 81, 35, 32, 6, 24, 6, 46, 2, 0, 2, 330, 96, 1.425, 9.9, 0.7, 2.9, 5.6, 1.92);
insert into PITCHEO_JUGADOR_EQUIPO values( 324, 30, 2012, 'RP', 101, 35, 1, 6, .143, 2.91, 64, 0, 11, 0, 0, 2, 58.2, 45, 20, 19, 7, 22, 4, 90, 2, 0, 0, 244, 128, 1.142, 6.9, 1.1, 3.4, 13.8, 4.09);
insert into PITCHEO_JUGADOR_EQUIPO values( 325, 30, 2012, 'RP', 105, 27, 5, 2, .714, 3.38, 68, 0, 10, 0, 0, 0, 53.1, 37, 21, 20, 5, 23, 1, 53, 1, 0, 1, 215, 111, 1.125, 6.2, 0.8, 3.9, 8.9, 2.30);
insert into PITCHEO_JUGADOR_EQUIPO values( 326, 30, 2012, 'P', 112, 28, 2, 6, .250, 4.65, 9, 9, 0, 0, 0, 0, 50.1, 62, 30, 26, 5, 11, 1, 25, 2, 0, 4, 223, 81, 1.450, 11.1, 0.9, 2.0, 4.5, 2.27);
insert into PITCHEO_JUGADOR_EQUIPO values( 327, 30, 2012, 'P', 110, 24, 1, 3, .250, 5.50, 8, 6, 1, 0, 0, 0, 34.1, 36, 21, 21, 6, 11, 0, 34, 1, 0, 0, 148, 68, 1.369, 9.4, 1.6, 2.9, 8.9, 3.09);
insert into PITCHEO_JUGADOR_EQUIPO values( 328, 19, 2012, 'P', 532, 33, 0, 0, 0, 6.59, 17, 0, 5, 0, 0, 0, 13.2, 14, 11, 10, 0, 2, 0, 6, 0, 0, 0, 58, 58, 1.171, 9.2, 0.0, 1.3, 4.0, 3.00);
insert into PITCHEO_JUGADOR_EQUIPO values( 329, 30, 2012, 'P', 103, 28, 0, 0, 0, 5.56, 10, 0, 3, 0, 0, 0, 11.1, 11, 9, 7, 1, 2, 0, 12, 1, 0, 1, 48, 69, 1.147, 8.7, 0.8, 1.6, 9.5, 6.00);
insert into PITCHEO_JUGADOR_EQUIPO values( 330, 25, 2012, 'P', 165, 37, 0, 0, 0, 8.64, 9, 0, 2, 0, 0, 0, 8.1, 10, 8, 8, 2, 4, 0, 11, 0, 0, 0, 39, 45, 1.680, 10.8, 2.2, 4.3, 11.9, 2.75);
insert into PITCHEO_JUGADOR_EQUIPO values( 331, 30, 2012, 'P', 106, 24, 0, 0, 0, 1.93, 8, 0, 3, 0, 0, 0, 4.2, 10, 1, 1, 0, 3, 0, 7, 0, 0, 1, 26, 210, 2.786, 19.3, 0.0, 5.8, 13.5, 2.33);
insert into PITCHEO_JUGADOR_EQUIPO values( 332, 25, 2012, 'SP', 169, 27, 9, 13, .409, 3.81, 28, 28, 0, 1, 0, 0, 174.2, 157, 79, 74, 20, 56, 2, 180, 4, 0, 10, 723, 105, 1.219, 8.1, 1.0, 2.9, 9.3, 3.21);
insert into PITCHEO_JUGADOR_EQUIPO values( 333, 25, 2012, 'SP', 172, 25, 6, 13, .316, 4.27, 26, 26, 0, 0, 0, 0, 156.0, 133, 80, 74, 25, 54, 3, 119, 8, 1, 2, 649, 94, 1.199, 7.7, 1.4, 3.1, 6.9, 2.20);
insert into PITCHEO_JUGADOR_EQUIPO values( 334, 17, 2012, 'SP', 651, 30, 9, 6, .600, 3.74, 21, 20, 0, 0, 0, 0, 120.1, 115, 51, 50, 12, 34, 2, 81, 10, 0, 4, 503, 107, 1.238, 8.6, 0.9, 2.5, 6.1, 2.38);
insert into PITCHEO_JUGADOR_EQUIPO values( 335, 21, 2012, 'SP', 560, 25, 3, 12, .200, 6.31, 21, 21, 0, 0, 0, 0, 111.1, 137, 81, 78, 16, 43, 4, 61, 3, 1, 2, 507, 64, 1.617, 11.1, 1.3, 3.5, 4.9, 1.42);
insert into PITCHEO_JUGADOR_EQUIPO values( 336, 1, 2012, 'SP', 620, 35, 5, 5, .500, 2.25, 16, 16, 0, 0, 0, 0, 104.0, 81, 28, 26, 9, 27, 0, 83, 1, 1, 0, 417, 178, 1.038, 7.0, 0.8, 2.3, 7.2, 3.07);
insert into PITCHEO_JUGADOR_EQUIPO values( 337, 25, 2012, 'SP', 167, 28, 5, 7, .417, 3.91, 18, 18, 0, 0, 0, 0, 103.2, 90, 48, 45, 15, 32, 0, 96, 4, 0, 1, 424, 103, 1.177, 7.8, 1.3, 2.8, 8.3, 3.00);
insert into PITCHEO_JUGADOR_EQUIPO values( 338, 25, 2012, 'CL', 162, 29, 3, 3, .500, 3.42, 61, 0, 47, 0, 0, 20, 55.1, 40, 24, 21, 4, 45, 0, 72, 2, 0, 2, 247, 118, 1.536, 6.5, 0.7, 7.3, 11.7, 1.60);
insert into PITCHEO_JUGADOR_EQUIPO values( 339, 25, 2012, 'RP', 161, 36, 3, 6, .333, 3.59, 80, 0, 21, 0, 0, 2, 77.2, 79, 32, 31, 7, 21, 4, 54, 0, 0, 1, 327, 112, 1.288, 9.2, 0.8, 2.4, 6.3, 2.57);
insert into PITCHEO_JUGADOR_EQUIPO values( 340, 25, 2012, 'RP', 164, 26, 7, 1, .875, 3.25, 77, 0, 19, 0, 0, 2, 69.1, 67, 28, 25, 5, 23, 7, 55, 1, 1, 1, 292, 124, 1.298, 8.7, 0.6, 3.0, 7.1, 2.39);
insert into PITCHEO_JUGADOR_EQUIPO values( 341, 25, 2012, 'P', 160, 25, 0, 0, 0, 2.95, 30, 0, 11, 0, 0, 0, 36.2, 30, 12, 12, 4, 16, 1, 29, 1, 0, 1, 154, 137, 1.255, 7.4, 1.0, 3.9, 7.1, 1.81);
insert into PITCHEO_JUGADOR_EQUIPO values( 342, 28, 2012, 'SP', 740, 27, 11, 11, .500, 3.76, 32, 32, 0, 1, 1, 0, 193.2, 185, 90, 81, 13, 78, 5, 140, 1, 3, 10, 827, 106, 1.358, 8.6, 0.6, 3.6, 6.5, 1.79);
insert into PITCHEO_JUGADOR_EQUIPO values( 343, 28, 2012, 'SP', 743, 27, 7, 13, .350, 4.65, 29, 29, 0, 0, 0, 0, 168.1, 165, 90, 87, 23, 66, 2, 165, 8, 0, 8, 733, 86, 1.372, 8.8, 1.2, 3.5, 8.8, 2.50);
insert into PITCHEO_JUGADOR_EQUIPO values( 344, 30, 2012, 'SP', 113, 33, 7, 9, .438, 3.79, 21, 21, 0, 0, 0, 0, 130.2, 134, 66, 55, 13, 32, 2, 89, 2, 0, 5, 558, 106, 1.270, 9.2, 0.9, 2.2, 6.1, 2.78);
insert into PITCHEO_JUGADOR_EQUIPO values( 345, 3, 2012, 'SP', 82, 29, 7, 9, .438, 4.83, 18, 18, 0, 0, 0, 0, 104.1, 112, 58, 56, 17, 39, 0, 98, 1, 0, 5, 457, 83, 1.447, 9.7, 1.5, 3.4, 8.5, 2.51);
insert into PITCHEO_JUGADOR_EQUIPO values( 346, 28, 2012, 'SP', 742, 24, 3, 8, .273, 5.27, 16, 16, 0, 1, 0, 0, 85.1, 93, 56, 50, 14, 39, 1, 38, 1, 0, 2, 377, 76, 1.547, 9.8, 1.5, 4.1, 4.0, 0.97);
insert into PITCHEO_JUGADOR_EQUIPO values( 347, 10, 2012, 'CL', 202, 31, 0, 4, .000, 3.52, 35, 0, 29, 0, 0, 19, 30.2, 35, 17, 12, 4, 6, 1, 20, 2, 0, 1, 134, 115, 1.337, 10.3, 1.2, 1.8, 5.9, 3.33);
insert into PITCHEO_JUGADOR_EQUIPO values( 348, 8, 2012, 'RP', 589, 28, 2, 10, .167, 5.37, 71, 0, 9, 0, 0, 0, 70.1, 68, 45, 42, 10, 34, 7, 78, 1, 0, 10, 309, 75, 1.450, 8.7, 1.3, 4.4, 10.0, 2.29);
insert into PITCHEO_JUGADOR_EQUIPO values( 349, 21, 2012, 'RP', 558, 28, 6, 3, .667, 2.17, 64, 0, 28, 0, 0, 10, 66.1, 61, 18, 16, 4, 8, 2, 54, 2, 0, 1, 260, 185, 1.040, 8.3, 0.5, 1.1, 7.3, 6.75);
insert into PITCHEO_JUGADOR_EQUIPO values( 350, 28, 2012, 'RP', 735, 25, 1, 1, .500, 6.05, 52, 0, 26, 0, 0, 0, 55.0, 65, 38, 37, 8, 29, 0, 46, 2, 0, 3, 253, 66, 1.709, 10.6, 1.3, 4.7, 7.5, 1.59);
insert into PITCHEO_JUGADOR_EQUIPO values( 351, 28, 2012, 'RP', 737, 27, 2, 2, .500, 3.27, 77, 0, 13, 0, 0, 1, 52.1, 45, 20, 19, 4, 17, 0, 54, 6, 0, 1, 223, 123, 1.185, 7.7, 0.7, 2.9, 9.3, 3.18);
insert into PITCHEO_JUGADOR_EQUIPO values( 352, 16, 2012, 'P', 413, 32, 0, 2, .000, 3.25, 37, 0, 11, 0, 0, 0, 36.0, 37, 13, 13, 3, 11, 2, 35, 2, 0, 5, 154, 124, 1.333, 9.3, 0.8, 2.8, 8.8, 3.18);
insert into PITCHEO_JUGADOR_EQUIPO values( 353, 28, 2012, 'P', 733, 25, 0, 1, .000, 3.77, 44, 0, 12, 0, 0, 1, 31.0, 30, 15, 13, 3, 14, 1, 36, 1, 0, 3, 138, 107, 1.419, 8.7, 0.9, 4.1, 10.5, 2.57);
insert into PITCHEO_JUGADOR_EQUIPO values( 354, 3, 2012, 'P', 81, 29, 3, 1, .750, 5.04, 6, 6, 0, 0, 0, 0, 25.0, 23, 14, 14, 3, 8, 0, 18, 0, 0, 1, 105, 80, 1.240, 8.3, 1.1, 2.9, 6.5, 2.25);
insert into PITCHEO_JUGADOR_EQUIPO values( 355, 28, 2012, 'P', 732, 28, 1, 1, .500, 4.19, 18, 0, 2, 0, 0, 0, 19.1, 14, 9, 9, 0, 11, 2, 22, 2, 0, 4, 83, 97, 1.293, 6.5, 0.0, 5.1, 10.2, 2.00);
insert into PITCHEO_JUGADOR_EQUIPO values( 356, 24, 2012, 'SP', 337, 27, 16, 5, .762, 2.79, 32, 32, 0, 2, 2, 0, 219.1, 177, 73, 68, 21, 51, 1, 193, 9, 0, 8, 876, 126, 1.040, 7.3, 0.9, 2.1, 7.9, 3.78);
insert into PITCHEO_JUGADOR_EQUIPO values( 357, 24, 2012, 'SP', 336, 22, 16, 11, .593, 3.37, 32, 32, 0, 2, 1, 0, 208.1, 183, 87, 78, 23, 49, 6, 191, 7, 2, 3, 849, 105, 1.114, 7.9, 1.0, 2.1, 8.3, 3.90);
insert into PITCHEO_JUGADOR_EQUIPO values( 358, 24, 2012, 'SP', 339, 34, 14, 9, .609, 3.37, 31, 31, 0, 0, 0, 0, 189.2, 171, 76, 71, 17, 62, 7, 158, 8, 0, 3, 788, 105, 1.228, 8.1, 0.8, 2.9, 7.5, 2.55);
insert into PITCHEO_JUGADOR_EQUIPO values( 359, 24, 2012, 'SP', 338, 28, 10, 15, .400, 5.18, 33, 33, 0, 0, 0, 0, 186.0, 183, 111, 107, 23, 90, 3, 190, 4, 2, 17, 825, 68, 1.468, 8.9, 1.1, 4.4, 9.2, 2.11);
insert into PITCHEO_JUGADOR_EQUIPO values( 360, 24, 2012, 'SP', 340, 34, 15, 8, .652, 4.15, 32, 32, 0, 1, 1, 0, 184.1, 186, 91, 85, 20, 70, 6, 114, 5, 0, 1, 799, 85, 1.389, 9.1, 1.0, 3.4, 5.6, 1.63);
insert into PITCHEO_JUGADOR_EQUIPO values( 361, 24, 2012, 'CL', 330, 31, 7, 6, .538, 2.84, 73, 0, 37, 0, 0, 25, 63.1, 55, 24, 20, 8, 22, 4, 55, 2, 0, 1, 272, 125, 1.216, 7.8, 1.1, 3.1, 7.8, 2.50);
insert into PITCHEO_JUGADOR_EQUIPO values( 362, 24, 2012, 'RP', 329, 33, 1, 2, .333, 2.70, 67, 0, 10, 0, 0, 3, 63.1, 57, 23, 19, 1, 23, 1, 57, 3, 0, 5, 267, 131, 1.263, 8.1, 0.1, 3.3, 8.1, 2.48);
insert into PITCHEO_JUGADOR_EQUIPO values( 363, 24, 2012, 'RP', 335, 29, 4, 2, .667, 1.79, 69, 0, 27, 0, 0, 14, 55.1, 37, 11, 11, 5, 10, 1, 63, 3, 0, 2, 215, 198, 0.849, 6.0, 0.8, 1.6, 10.2, 6.30);
insert into PITCHEO_JUGADOR_EQUIPO values( 364, 24, 2012, 'RP', 333, 34, 3, 0, 1.000, 2.50, 70, 0, 19, 0, 0, 7, 36.0, 37, 13, 10, 1, 14, 3, 28, 0, 0, 2, 153, 142, 1.417, 9.3, 0.3, 3.5, 7.0, 2.00);
insert into PITCHEO_JUGADOR_EQUIPO values( 365, 24, 2012, 'P', 332, 27, 2, 1, .667, 2.47, 44, 0, 9, 0, 0, 0, 43.2, 34, 15, 12, 3, 12, 0, 44, 0, 0, 1, 177, 144, 1.053, 7.0, 0.6, 2.5, 9.1, 3.67);
insert into PITCHEO_JUGADOR_EQUIPO values( 366, 24, 2012, 'P', 334, 27, 1, 0, 1.000, 2.55, 27, 0, 3, 0, 0, 0, 17.2, 14, 5, 5, 0, 8, 2, 20, 0, 0, 2, 74, 141, 1.245, 7.1, 0.0, 4.1, 10.2, 2.50);
insert into PITCHEO_JUGADOR_EQUIPO values( 367, 28, 2012, 'P', 739, 29, 0, 0, 0, 9.00, 4, 0, 1, 0, 0, 0, 5.0, 7, 6, 5, 0, 2, 0, 2, 0, 0, 1, 25, 42, 1.800, 12.6, 0.0, 3.6, 3.6, 1.00);
insert into PITCHEO_JUGADOR_EQUIPO values( 368, 23, 2012, 'SP', 24, 24, 14, 9, .609, 2.53, 33, 33, 0, 2, 2, 0, 227.2, 170, 70, 64, 16, 63, 5, 229, 5, 2, 6, 901, 150, 1.023, 6.7, 0.6, 2.5, 9.1, 3.63);
insert into PITCHEO_JUGADOR_EQUIPO values( 369, 23, 2012, 'SP', 13, 33, 12, 12, .500, 3.72, 33, 33, 0, 0, 0, 0, 198.1, 188, 91, 82, 25, 54, 4, 162, 2, 0, 6, 817, 102, 1.220, 8.5, 1.1, 2.5, 7.4, 3.00);
insert into PITCHEO_JUGADOR_EQUIPO values( 370, 23, 2012, 'SP', 22, 27, 10, 9, .526, 3.55, 25, 25, 0, 0, 0, 0, 149.2, 148, 66, 59, 11, 45, 2, 128, 5, 0, 5, 634, 107, 1.290, 8.9, 0.7, 2.7, 7.7, 2.84);
insert into PITCHEO_JUGADOR_EQUIPO values( 371, 23, 2012, 'CL', 18, 24, 5, 3, .625, 2.35, 65, 0, 40, 0, 0, 25, 65.0, 33, 18, 17, 6, 22, 1, 99, 3, 0, 3, 252, 162, 0.846, 4.6, 0.8, 3.0, 13.7, 4.50);
insert into PITCHEO_JUGADOR_EQUIPO values( 372, 23, 2012, 'RP', 12, 29, 8, 1, .889, 2.54, 68, 0, 13, 0, 0, 1, 71.0, 47, 22, 20, 3, 29, 4, 69, 4, 0, 1, 286, 150, 1.070, 6.0, 0.4, 3.7, 8.7, 2.38);
insert into PITCHEO_JUGADOR_EQUIPO values( 373, 5, 2012, 'RP', 225, 37, 5, 3, .625, 3.72, 66, 0, 22, 0, 0, 0, 67.2, 72, 35, 28, 2, 30, 7, 54, 4, 0, 2, 306, 102, 1.507, 9.6, 0.3, 4.0, 7.2, 1.80);
insert into PITCHEO_JUGADOR_EQUIPO values( 374, 23, 2012, 'RP', 15, 26, 2, 3, .400, 2.60, 45, 0, 17, 0, 0, 8, 45.0, 44, 13, 13, 1, 23, 5, 37, 1, 0, 1, 196, 147, 1.489, 8.8, 0.2, 4.6, 7.4, 1.61);
insert into PITCHEO_JUGADOR_EQUIPO values( 375, 6, 2012, 'P', 503, 31, 2, 4, .333, 4.99, 10, 10, 0, 0, 0, 0, 57.2, 66, 32, 32, 7, 16, 3, 51, 0, 0, 1, 246, 76, 1.422, 10.3, 1.1, 2.5, 8.0, 3.19);
insert into PITCHEO_JUGADOR_EQUIPO values( 376, 19, 2012, 'P', 537, 22, 1, 6, .143, 4.15, 10, 10, 0, 0, 0, 0, 56.1, 63, 27, 26, 5, 20, 2, 34, 0, 0, 1, 241, 92, 1.473, 10.1, 0.8, 3.2, 5.4, 1.70);
insert into PITCHEO_JUGADOR_EQUIPO values( 377, 23, 2012, 'P', 25, 36, 5, 1, .833, 3.14, 8, 8, 0, 0, 0, 0, 48.2, 36, 23, 17, 3, 19, 1, 31, 2, 0, 3, 202, 122, 1.130, 6.7, 0.6, 3.5, 5.7, 1.63);
insert into PITCHEO_JUGADOR_EQUIPO values( 378, 23, 2012, 'P', 21, 32, 2, 3, .400, 2.93, 7, 7, 0, 0, 0, 0, 43.0, 43, 16, 14, 5, 14, 4, 38, 0, 0, 1, 183, 131, 1.326, 9.0, 1.0, 2.9, 8.0, 2.71);
insert into PITCHEO_JUGADOR_EQUIPO values( 379, 23, 2012, 'P', 14, 26, 1, 1, .500, 2.20, 43, 0, 12, 0, 0, 0, 32.2, 27, 8, 8, 3, 13, 1, 29, 1, 0, 3, 133, 174, 1.224, 7.4, 0.8, 3.6, 8.0, 2.23);
insert into PITCHEO_JUGADOR_EQUIPO values( 380, 23, 2012, 'P', 19, 29, 2, 1, .667, 2.30, 28, 0, 15, 0, 0, 6, 27.1, 17, 7, 7, 0, 14, 4, 27, 1, 0, 1, 108, 167, 1.134, 5.6, 0.0, 4.6, 8.9, 1.93);
insert into PITCHEO_JUGADOR_EQUIPO values( 381, 23, 2012, 'P', 16, 33, 0, 2, .000, 3.86, 16, 0, 2, 0, 0, 0, 14.0, 8, 6, 6, 3, 7, 1, 9, 1, 0, 0, 56, 101, 1.071, 5.1, 1.9, 4.5, 5.8, 1.29);
insert into PITCHEO_JUGADOR_EQUIPO values( 382, 27, 2012, 'P', 760, 36, 0, 0, 0, 4.05, 36, 0, 0, 0, 0, 0, 13.1, 13, 7, 6, 1, 9, 3, 11, 2, 0, 0, 64, 96, 1.650, 8.8, 0.7, 6.1, 7.4, 1.22);
insert into PITCHEO_JUGADOR_EQUIPO values( 383, 23, 2012, 'P', 20, 21, 0, 1, .000, 1.35, 11, 0, 2, 0, 0, 0, 6.2, 3, 1, 1, 0, 4, 1, 6, 0, 0, 0, 26, 298, 1.050, 4.1, 0.0, 5.4, 8.1, 1.50);
insert into PITCHEO_JUGADOR_EQUIPO values( 384, 20, 2012, 'SP', 308, 27, 15, 12, .556, 4.02, 33, 33, 0, 1, 0, 0, 208.1, 216, 101, 93, 28, 55, 4, 187, 14, 4, 5, 899, 102, 1.301, 9.3, 1.2, 2.4, 8.1, 3.40);
insert into PITCHEO_JUGADOR_EQUIPO values( 385, 20, 2012, 'SP', 305, 24, 13, 12, .520, 3.78, 32, 32, 0, 2, 1, 0, 200.0, 184, 93, 84, 16, 74, 0, 156, 11, 2, 10, 839, 109, 1.290, 8.3, 0.7, 3.3, 7.0, 2.11);
insert into PITCHEO_JUGADOR_EQUIPO values( 386, 20, 2012, 'SP', 310, 25, 16, 11, .593, 3.33, 32, 29, 0, 0, 0, 0, 194.2, 193, 79, 72, 14, 37, 0, 144, 2, 1, 6, 807, 124, 1.182, 8.9, 0.6, 1.7, 6.7, 3.89);
insert into PITCHEO_JUGADOR_EQUIPO values( 387, 7, 2012, 'SP', 283, 31, 6, 10, .375, 4.22, 21, 21, 0, 1, 1, 0, 130.0, 146, 68, 61, 17, 31, 1, 89, 2, 0, 2, 561, 98, 1.362, 10.1, 1.2, 2.1, 6.2, 2.87);
insert into PITCHEO_JUGADOR_EQUIPO values( 388, 20, 2012, 'SP', 306, 22, 6, 8, .429, 4.54, 22, 17, 3, 0, 0, 1, 107.0, 117, 56, 54, 14, 25, 2, 86, 4, 0, 1, 454, 91, 1.327, 9.8, 1.2, 2.1, 7.2, 3.44);
insert into PITCHEO_JUGADOR_EQUIPO values( 389, 20, 2012, 'CL', 301, 35, 1, 5, .167, 2.82, 57, 0, 52, 0, 0, 32, 54.1, 45, 18, 17, 4, 11, 1, 65, 2, 0, 3, 218, 147, 1.031, 7.5, 0.7, 1.8, 10.8, 5.91);
insert into PITCHEO_JUGADOR_EQUIPO values( 390, 20, 2012, 'RP', 304, 32, 6, 1, .857, 2.49, 77, 0, 15, 0, 0, 0, 68.2, 54, 21, 19, 2, 21, 2, 42, 1, 0, 1, 263, 166, 1.092, 7.1, 0.3, 2.8, 5.5, 2.00);
insert into PITCHEO_JUGADOR_EQUIPO values( 391, 20, 2012, 'RP', 300, 27, 2, 3, .400, 2.50, 72, 0, 21, 0, 0, 4, 68.1, 48, 21, 19, 4, 22, 1, 98, 3, 1, 4, 278, 165, 1.024, 6.3, 0.5, 2.9, 12.9, 4.45);
insert into PITCHEO_JUGADOR_EQUIPO values( 392, 10, 2012, 'RP', 195, 24, 1, 6, .143, 3.49, 64, 0, 19, 0, 0, 2, 59.1, 60, 29, 23, 4, 24, 3, 41, 2, 1, 4, 252, 119, 1.416, 9.1, 0.6, 3.6, 6.2, 1.71);
insert into PITCHEO_JUGADOR_EQUIPO values( 393, 20, 2012, 'P', 299, 26, 5, 3, .625, 3.69, 28, 11, 7, 0, 0, 0, 90.1, 92, 39, 37, 13, 22, 2, 80, 0, 0, 1, 375, 112, 1.262, 9.2, 1.3, 2.2, 8.0, 3.64);
insert into PITCHEO_JUGADOR_EQUIPO values( 394, 20, 2012, 'P', 307, 25, 3, 2, .600, 7.35, 9, 9, 0, 0, 0, 0, 45.1, 62, 37, 37, 9, 12, 0, 37, 0, 0, 2, 202, 56, 1.632, 12.3, 1.8, 2.4, 7.3, 3.08);
insert into PITCHEO_JUGADOR_EQUIPO values( 395, 1, 2012, 'P', 613, 31, 2, 0, 1.000, 2.70, 40, 0, 12, 0, 0, 0, 43.1, 38, 15, 13, 5, 13, 0, 42, 1, 0, 1, 180, 154, 1.177, 7.9, 1.0, 2.7, 8.7, 3.23);
insert into PITCHEO_JUGADOR_EQUIPO values( 396, 10, 2012, 'P', 189, 29, 1, 1, .500, 2.57, 23, 0, 4, 0, 0, 0, 21.0, 16, 7, 6, 3, 7, 0, 19, 1, 0, 1, 84, 163, 1.095, 6.9, 1.3, 3.0, 8.1, 2.71);
insert into PITCHEO_JUGADOR_EQUIPO values( 397, 13, 2012, 'P', 355, 32, 0, 0, 0, 2.53, 12, 0, 3, 0, 0, 0, 10.2, 10, 3, 3, 0, 2, 0, 10, 1, 0, 0, 45, 168, 1.125, 8.4, 0.0, 1.7, 8.4, 5.00);
insert into PITCHEO_JUGADOR_EQUIPO values( 398, 22, 2012, 'SP', 831, 28, 14, 14, .500, 3.99, 33, 33, 0, 1, 1, 0, 218.2, 228, 110, 97, 31, 42, 4, 107, 6, 2, 4, 910, 91, 1.235, 9.4, 1.3, 1.7, 4.4, 2.55);
insert into PITCHEO_JUGADOR_EQUIPO values( 399, 22, 2012, 'SP', 834, 28, 11, 11, .500, 4.14, 32, 32, 0, 1, 1, 0, 182.2, 160, 88, 84, 14, 105, 6, 174, 9, 1, 9, 802, 88, 1.451, 7.9, 0.7, 5.2, 8.6, 1.66);
insert into PITCHEO_JUGADOR_EQUIPO values( 400, 22, 2012, 'SP', 822, 24, 2, 8, .200, 4.73, 24, 15, 3, 1, 0, 1, 97.0, 89, 59, 51, 10, 39, 3, 80, 1, 1, 5, 411, 77, 1.320, 8.3, 0.9, 3.6, 7.4, 2.05);
insert into PITCHEO_JUGADOR_EQUIPO values( 401, 22, 2012, 'SP', 830, 33, 6, 7, .462, 4.04, 15, 15, 0, 1, 1, 0, 93.2, 94, 53, 42, 14, 28, 3, 79, 1, 0, 5, 401, 90, 1.302, 9.0, 1.3, 2.7, 7.6, 2.82);
insert into PITCHEO_JUGADOR_EQUIPO values( 402, 22, 2012, 'SP', 833, 32, 8, 3, .727, 2.92, 18, 14, 1, 0, 0, 0, 92.1, 86, 36, 30, 7, 23, 0, 51, 1, 1, 1, 383, 125, 1.181, 8.4, 0.7, 2.2, 5.0, 2.22);
insert into PITCHEO_JUGADOR_EQUIPO values( 403, 22, 2012, 'CL', 826, 28, 2, 1, .667, 1.85, 40, 0, 36, 0, 0, 23, 39.0, 17, 8, 8, 2, 11, 1, 47, 0, 0, 1, 144, 199, 0.718, 3.9, 0.5, 2.5, 10.8, 4.27);
insert into PITCHEO_JUGADOR_EQUIPO values( 404, 22, 2012, 'RP', 825, 28, 2, 0, 1.000, 2.39, 77, 0, 15, 0, 0, 9, 71.2, 57, 19, 19, 7, 21, 3, 72, 3, 0, 3, 294, 153, 1.088, 7.2, 0.9, 2.6, 9.0, 3.43);
insert into PITCHEO_JUGADOR_EQUIPO values( 405, 22, 2012, 'RP', 823, 26, 2, 4, .333, 3.78, 67, 0, 13, 0, 0, 0, 66.2, 50, 28, 28, 11, 33, 7, 75, 2, 0, 4, 280, 97, 1.245, 6.8, 1.5, 4.5, 10.1, 2.27);
insert into PITCHEO_JUGADOR_EQUIPO values( 406, 22, 2012, 'RP', 828, 31, 2, 2, .500, 3.43, 64, 0, 21, 0, 0, 7, 57.2, 53, 24, 22, 4, 12, 4, 47, 1, 0, 2, 235, 107, 1.127, 8.3, 0.6, 1.9, 7.3, 3.92);
insert into PITCHEO_JUGADOR_EQUIPO values( 407, 22, 2012, 'RP', 827, 30, 1, 4, .200, 3.41, 55, 0, 13, 0, 0, 1, 31.2, 30, 13, 12, 2, 14, 3, 39, 3, 1, 0, 141, 108, 1.389, 8.5, 0.6, 4.0, 11.1, 2.79);
insert into PITCHEO_JUGADOR_EQUIPO values( 408, 22, 2012, 'P', 824, 25, 3, 4, .429, 4.27, 33, 5, 5, 0, 0, 0, 46.1, 42, 23, 22, 5, 19, 1, 52, 1, 0, 2, 196, 86, 1.317, 8.2, 1.0, 3.7, 10.1, 2.74);
insert into PITCHEO_JUGADOR_EQUIPO values( 409, 22, 2012, 'P', 819, 27, 3, 1, .750, 2.61, 5, 5, 0, 0, 0, 0, 31.0, 28, 10, 9, 1, 8, 0, 23, 0, 0, 0, 130, 141, 1.161, 8.1, 0.3, 2.3, 6.7, 2.88);
insert into PITCHEO_JUGADOR_EQUIPO values( 410, 22, 2012, 'P', 829, 22, 2, 3, .400, 6.21, 6, 6, 0, 0, 0, 0, 29.0, 39, 23, 20, 5, 10, 1, 26, 2, 0, 0, 136, 59, 1.690, 12.1, 1.6, 3.1, 8.1, 2.60);
insert into PITCHEO_JUGADOR_EQUIPO values( 411, 22, 2012, 'P', 835, 22, 0, 4, .000, 4.55, 5, 5, 0, 0, 0, 0, 27.2, 26, 16, 14, 5, 9, 2, 24, 1, 0, 1, 119, 81, 1.265, 8.5, 1.6, 2.9, 7.8, 2.67);
insert into PITCHEO_JUGADOR_EQUIPO values( 412, 6, 2012, 'P', 499, 26, 1, 0, 1.000, 2.31, 11, 0, 5, 0, 0, 0, 11.2, 9, 5, 3, 2, 4, 0, 18, 2, 0, 0, 50, 163, 1.114, 6.9, 1.5, 3.1, 13.9, 4.50);
insert into PITCHEO_JUGADOR_EQUIPO values( 413, 21, 2012, 'SP', 564, 31, 6, 7, .462, 5.58, 24, 24, 0, 0, 0, 0, 113.0, 145, 71, 70, 15, 22, 5, 76, 8, 0, 2, 502, 85, 1.478, 11.5, 1.2, 1.8, 6.1, 3.45);
insert into PITCHEO_JUGADOR_EQUIPO values( 414, 28, 2012, 'SP', 745, 23, 2, 9, .182, 5.51, 23, 20, 0, 0, 0, 0, 98.0, 114, 66, 60, 13, 51, 9, 64, 5, 0, 6, 459, 86, 1.684, 10.5, 1.2, 4.7, 5.9, 1.25);
insert into PITCHEO_JUGADOR_EQUIPO values( 415, 14, 2012, 'SP', 139, 33, 3, 9, .250, 6.35, 19, 15, 0, 0, 0, 0, 90.2, 122, 72, 64, 21, 31, 2, 45, 7, 1, 1, 422, 75, 1.688, 12.1, 2.1, 3.1, 4.5, 1.45);
insert into PITCHEO_JUGADOR_EQUIPO values( 416, 21, 2012, 'SP', 562, 24, 3, 5, .375, 4.43, 14, 14, 0, 0, 0, 0, 69.0, 80, 35, 34, 10, 32, 0, 45, 2, 0, 3, 314, 107, 1.623, 10.4, 1.3, 4.2, 5.9, 1.41);
insert into PITCHEO_JUGADOR_EQUIPO values( 417, 21, 2012, 'CL', 555, 37, 1, 4, .200, 2.81, 60, 0, 53, 0, 0, 31, 57.2, 53, 19, 18, 6, 12, 4, 57, 0, 1, 0, 236, 170, 1.127, 8.3, 0.9, 1.9, 8.9, 4.75);
insert into PITCHEO_JUGADOR_EQUIPO values( 418, 12, 2012, 'RP', 471, 29, 4, 2, .667, 3.25, 63, 0, 14, 0, 0, 1, 88.2, 85, 40, 32, 9, 43, 3, 54, 2, 0, 8, 383, 146, 1.444, 8.6, 0.9, 4.4, 5.5, 1.26);
insert into PITCHEO_JUGADOR_EQUIPO values( 419, 21, 2012, 'RP', 554, 32, 3, 8, .273, 3.71, 80, 0, 14, 0, 0, 3, 80.0, 91, 36, 33, 5, 18, 6, 69, 3, 1, 1, 348, 128, 1.363, 10.2, 0.6, 2.0, 7.8, 3.83);
insert into PITCHEO_JUGADOR_EQUIPO values( 420, 21, 2012, 'RP', 556, 24, 8, 2, .800, 3.86, 75, 0, 10, 0, 0, 0, 67.2, 63, 33, 29, 5, 37, 7, 83, 1, 1, 5, 295, 124, 1.478, 8.4, 0.7, 4.9, 11.0, 2.24);
insert into PITCHEO_JUGADOR_EQUIPO values( 421, 20, 2012, 'RP', 302, 27, 3, 1, .750, 4.40, 71, 0, 16, 0, 0, 0, 57.1, 65, 31, 28, 11, 17, 4, 51, 0, 1, 5, 249, 108, 1.430, 10.2, 1.7, 2.7, 8.0, 3.00);
insert into PITCHEO_JUGADOR_EQUIPO values( 422, 21, 2012, 'P', 559, 26, 5, 1, .833, 4.56, 53, 0, 6, 0, 0, 0, 79.0, 76, 42, 40, 9, 34, 7, 81, 1, 0, 8, 339, 104, 1.392, 8.7, 1.0, 3.9, 9.2, 2.38);
insert into PITCHEO_JUGADOR_EQUIPO values( 423, 21, 2012, 'P', 566, 25, 2, 3, .400, 5.28, 11, 11, 0, 0, 0, 0, 58.0, 72, 37, 34, 7, 22, 1, 54, 1, 0, 4, 257, 90, 1.621, 11.2, 1.1, 3.4, 8.4, 2.45);
insert into PITCHEO_JUGADOR_EQUIPO values( 424, 3, 2012, 'P', 76, 26, 0, 2, .000, 8.06, 23, 0, 6, 0, 0, 0, 25.2, 36, 23, 23, 2, 18, 2, 29, 2, 0, 5, 131, 60, 2.104, 12.6, 0.7, 6.3, 10.2, 1.61);
insert into PITCHEO_JUGADOR_EQUIPO values( 425, 21, 2012, 'P', 557, 25, 0, 1, .000, 6.04, 22, 0, 6, 0, 0, 0, 22.1, 23, 16, 15, 5, 7, 1, 21, 1, 0, 2, 97, 80, 1.343, 9.3, 2.0, 2.8, 8.5, 3.00);
insert into PITCHEO_JUGADOR_EQUIPO values( 426, 30, 2012, 'P', 114, 29, 0, 3, .000, 9.53, 3, 3, 0, 0, 0, 0, 11.1, 17, 13, 12, 3, 9, 1, 9, 0, 0, 2, 57, 51, 2.294, 13.5, 2.4, 7.1, 7.1, 1.00);
insert into PITCHEO_JUGADOR_EQUIPO values( 427, 21, 2012, 'P', 561, 24, 0, 2, .000, 11.12, 2, 2, 0, 0, 0, 0, 5.2, 9, 9, 7, 3, 7, 1, 5, 0, 0, 0, 33, 45, 2.824, 14.3, 4.8, 11.1, 7.9, 0.71);