insert into PITCHEO_JUGADOR_EQUIPO values( 428, 17, 2011, 'SP', 650, 35, 16, 10, .615, 3.22, 33, 33, 0, 1, 1, 0, 215.0, 189, 86, 77, 14, 56, 6, 158, 15, 0, 10, 884, 119, 1.140, 7.9, 0.6, 2.3, 6.6, 2.82);
insert into PITCHEO_JUGADOR_EQUIPO values( 429, 9, 2011, 'SP', 672, 38, 9, 17, .346, 5.05, 34, 34, 0, 0, 0, 0, 187.0, 212, 110, 105, 14, 70, 4, 137, 3, 2, 1, 830, 76, 1.508, 10.2, 0.7, 3.4, 6.6, 1.96);
insert into PITCHEO_JUGADOR_EQUIPO values( 430, 17, 2011, 'SP', 649, 24, 7, 3, .700, 3.68, 25, 25, 0, 0, 0, 0, 141.2, 125, 62, 58, 16, 46, 9, 169, 5, 1, 11, 591, 104, 1.207, 7.9, 1.0, 2.9, 10.7, 3.67);
insert into PITCHEO_JUGADOR_EQUIPO values( 431, 6, 2011, 'SP', 504, 24, 11, 7, .611, 3.60, 22, 22, 0, 0, 0, 0, 130.0, 106, 55, 52, 17, 46, 3, 142, 3, 0, 5, 540, 106, 1.169, 7.3, 1.2, 3.2, 9.8, 3.09);
insert into PITCHEO_JUGADOR_EQUIPO values( 432, 17, 2011, 'SP', 653, 23, 5, 3, .625, 4.14, 15, 15, 0, 0, 0, 0, 82.2, 93, 39, 38, 7, 30, 5, 77, 1, 0, 2, 361, 93, 1.488, 10.1, 0.8, 3.3, 8.4, 2.57);
insert into PITCHEO_JUGADOR_EQUIPO values( 433, 17, 2011, 'CL', 643, 23, 4, 3, .571, 2.10, 79, 0, 64, 0, 0, 46, 77.0, 48, 19, 18, 3, 32, 1, 127, 1, 0, 4, 306, 183, 1.039, 5.6, 0.4, 3.7, 14.8, 3.97);
insert into PITCHEO_JUGADOR_EQUIPO values( 434, 17, 2011, 'RP', 647, 26, 6, 2, .750, 1.84, 85, 0, 10, 0, 0, 5, 88.0, 53, 19, 18, 2, 43, 7, 96, 5, 0, 4, 357, 208, 1.091, 5.4, 0.2, 4.4, 9.8, 2.23);
insert into PITCHEO_JUGADOR_EQUIPO values( 435, 17, 2011, 'RP', 645, 26, 2, 4, .333, 0.98, 78, 0, 5, 0, 0, 0, 73.2, 59, 9, 8, 2, 21, 8, 67, 3, 0, 1, 301, 393, 1.086, 7.2, 0.2, 2.6, 8.2, 3.19);
insert into PITCHEO_JUGADOR_EQUIPO values( 436, 17, 2011, 'P', 644, 29, 1, 3, .250, 3.36, 46, 0, 12, 0, 0, 0, 77.2, 56, 30, 29, 8, 19, 2, 58, 3, 0, 3, 308, 114, 0.966, 6.5, 0.9, 2.2, 6.7, 3.05);
insert into PITCHEO_JUGADOR_EQUIPO values( 437, 17, 2011, 'P', 646, 26, 0, 2, .000, 2.63, 18, 0, 9, 0, 0, 0, 24.0, 15, 7, 7, 3, 11, 4, 23, 0, 0, 1, 96, 148, 1.083, 5.6, 1.1, 4.1, 8.6, 2.09);
insert into PITCHEO_JUGADOR_EQUIPO values( 438, 17, 2011, 'P', 654, 20, 1, 1, .500, 5.03, 5, 3, 0, 0, 0, 0, 19.2, 21, 11, 11, 4, 8, 0, 10, 0, 0, 1, 87, 77, 1.475, 9.6, 1.8, 3.7, 4.6, 1.25);
insert into PITCHEO_JUGADOR_EQUIPO values( 439, 17, 2011, 'P', 642, 25, 1, 1, .500, 7.85, 18, 0, 4, 0, 0, 0, 18.1, 17, 16, 16, 0, 12, 4, 25, 2, 0, 1, 85, 50, 1.582, 8.3, 0.0, 5.9, 12.3, 2.08);
insert into PITCHEO_JUGADOR_EQUIPO values( 440, 25, 2011, 'P', 171, 20, 1, 1, .500, 4.67, 17, 0, 2, 0, 0, 0, 17.1, 16, 9, 9, 1, 9, 1, 17, 1, 0, 5, 77, 84, 1.442, 8.3, 0.5, 4.7, 8.8, 1.89);
insert into PITCHEO_JUGADOR_EQUIPO values( 441, 15, 2011, 'SP', 256, 26, 10, 13, .435, 3.70, 33, 33, 0, 0, 0, 0, 184.2, 194, 90, 76, 15, 76, 3, 106, 7, 0, 4, 808, 103, 1.462, 9.5, 0.7, 3.7, 5.2, 1.39);
insert into PITCHEO_JUGADOR_EQUIPO values( 442, 18, 2011, 'SP', 862, 25, 8, 11, .421, 3.18, 26, 26, 0, 1, 0, 0, 161.1, 154, 62, 57, 12, 31, 2, 124, 7, 1, 3, 662, 120, 1.147, 8.6, 0.7, 1.7, 6.9, 4.00);
insert into PITCHEO_JUGADOR_EQUIPO values( 443, 22, 2011, 'SP', 830, 32, 8, 5, .615, 3.95, 20, 20, 0, 1, 1, 0, 120.2, 132, 58, 53, 8, 39, 1, 71, 4, 0, 1, 524, 97, 1.417, 9.8, 0.6, 2.9, 5.3, 1.82);
insert into PITCHEO_JUGADOR_EQUIPO values( 444, 18, 2011, 'CL', 857, 23, 6, 3, .667, 2.75, 73, 0, 52, 0, 0, 43, 75.1, 57, 24, 23, 8, 20, 4, 74, 2, 0, 2, 303, 140, 1.022, 6.8, 1.0, 2.4, 8.8, 3.70);
insert into PITCHEO_JUGADOR_EQUIPO values( 445, 18, 2011, 'RP', 850, 26, 3, 0, 1.000, 1.83, 72, 0, 8, 0, 0, 0, 88.1, 48, 18, 18, 11, 26, 2, 104, 0, 0, 1, 329, 209, 0.838, 4.9, 1.1, 2.6, 10.6, 4.00);
insert into PITCHEO_JUGADOR_EQUIPO values( 446, 18, 2011, 'RP', 854, 24, 3, 3, .500, 3.56, 59, 0, 21, 0, 0, 2, 65.2, 54, 30, 26, 1, 45, 1, 70, 2, 1, 14, 295, 108, 1.508, 7.4, 0.1, 6.2, 9.6, 1.56);
insert into PITCHEO_JUGADOR_EQUIPO values( 447, 6, 2011, 'RP', 496, 28, 5, 5, .500, 3.81, 69, 0, 17, 0, 0, 4, 56.2, 54, 24, 24, 6, 21, 4, 33, 3, 0, 2, 242, 101, 1.324, 8.6, 1.0, 3.3, 5.2, 1.57);
insert into PITCHEO_JUGADOR_EQUIPO values( 448, 26, 2011, 'P', 796, 28, 4, 6, .400, 4.03, 30, 15, 1, 0, 0, 0, 105.0, 102, 50, 47, 15, 33, 5, 95, 6, 1, 5, 447, 95, 1.286, 8.7, 1.3, 2.8, 8.1, 2.88);
insert into PITCHEO_JUGADOR_EQUIPO values( 449, 18, 2011, 'P', 858, 25, 4, 5, .444, 3.00, 15, 10, 0, 0, 0, 0, 66.0, 63, 26, 22, 7, 20, 2, 41, 3, 0, 2, 277, 128, 1.258, 8.6, 1.0, 2.7, 5.6, 2.05);
insert into PITCHEO_JUGADOR_EQUIPO values( 450, 18, 2011, 'P', 853, 27, 2, 2, .500, 2.81, 35, 0, 12, 0, 0, 0, 32.0, 26, 11, 10, 1, 15, 3, 12, 2, 1, 1, 136, 138, 1.281, 7.3, 0.3, 4.2, 3.4, 0.80);
insert into PITCHEO_JUGADOR_EQUIPO values( 451, 8, 2011, 'P', 594, 24, 1, 0, 1.000, 3.81, 5, 5, 0, 0, 0, 0, 26.0, 28, 11, 11, 2, 4, 2, 15, 2, 0, 0, 110, 102, 1.231, 9.7, 0.7, 1.4, 5.2, 3.75);
insert into PITCHEO_JUGADOR_EQUIPO values( 452, 18, 2011, 'P', 861, 22, 1, 1, .500, 1.50, 5, 5, 0, 0, 0, 0, 24.0, 15, 5, 4, 0, 2, 0, 24, 0, 0, 0, 88, 259, 0.708, 5.6, 0.0, 0.8, 9.0, 12.00);
insert into PITCHEO_JUGADOR_EQUIPO values( 453, 28, 2011, 'P', 744, 23, 2, 0, 1.000, 0.75, 3, 2, 0, 0, 0, 0, 12.0, 7, 1, 1, 0, 6, 0, 4, 0, 0, 1, 48, 526, 1.083, 5.3, 0.0, 4.5, 3.0, 0.67);
insert into PITCHEO_JUGADOR_EQUIPO values( 454, 18, 2011, 'P', 856, 27, 1, 1, .500, 0.87, 7, 0, 2, 0, 0, 0, 10.1, 3, 1, 1, 0, 4, 0, 12, 0, 0, 1, 38, 456, 0.677, 2.6, 0.0, 3.5, 10.5, 3.00);
insert into PITCHEO_JUGADOR_EQUIPO values( 455, 24, 2011, 'P', 331, 28, 1, 1, .500, 6.48, 10, 0, 1, 0, 0, 0, 8.1, 12, 10, 6, 1, 8, 0, 10, 0, 0, 0, 45, 62, 2.400, 13.0, 1.1, 8.6, 10.8, 1.25);
insert into PITCHEO_JUGADOR_EQUIPO values( 456, 3, 2011, 'SP', 80, 36, 8, 13, .381, 3.28, 33, 32, 0, 1, 0, 0, 208.2, 202, 85, 76, 18, 54, 2, 134, 9, 1, 9, 876, 112, 1.227, 8.7, 0.8, 2.3, 5.8, 2.48);
insert into PITCHEO_JUGADOR_EQUIPO values( 457, 12, 2011, 'SP', 479, 27, 7, 13, .350, 4.74, 34, 33, 0, 2, 0, 0, 193.2, 220, 111, 102, 21, 65, 7, 105, 7, 2, 2, 860, 78, 1.472, 10.2, 1.0, 3.0, 4.9, 1.62);
insert into PITCHEO_JUGADOR_EQUIPO values( 458, 23, 2011, 'SP', 13, 32, 11, 12, .478, 4.55, 33, 31, 0, 1, 1, 0, 186.0, 198, 99, 94, 27, 53, 5, 168, 5, 0, 4, 802, 81, 1.349, 9.6, 1.3, 2.6, 8.1, 3.17);
insert into PITCHEO_JUGADOR_EQUIPO values( 459, 16, 2011, 'SP', 417, 25, 13, 6, .684, 4.43, 30, 27, 1, 1, 0, 0, 160.2, 150, 85, 79, 18, 71, 4, 114, 14, 1, 6, 706, 83, 1.376, 8.4, 1.0, 4.0, 6.4, 1.61);
insert into PITCHEO_JUGADOR_EQUIPO values( 460, 16, 2011, 'RP', 415, 26, 4, 6, .400, 3.64, 60, 0, 23, 0, 0, 6, 59.1, 60, 29, 24, 4, 27, 4, 64, 2, 1, 8, 268, 101, 1.466, 9.1, 0.6, 4.1, 9.7, 2.37);
insert into PITCHEO_JUGADOR_EQUIPO values( 461, 8, 2011, 'P', 579, 32, 1, 0, 1.000, 1.88, 4, 4, 0, 0, 0, 0, 24.0, 12, 5, 5, 3, 11, 0, 22, 1, 0, 0, 95, 199, 0.958, 4.5, 1.1, 4.1, 8.3, 2.00);
insert into PITCHEO_JUGADOR_EQUIPO values( 462, 19, 2011, 'SP', 540, 28, 10, 12, .455, 4.67, 33, 33, 0, 2, 1, 0, 206.0, 244, 117, 107, 20, 44, 8, 148, 3, 0, 6, 891, 84, 1.398, 10.7, 0.9, 1.9, 6.5, 3.36);
insert into PITCHEO_JUGADOR_EQUIPO values( 463, 11, 2011, 'SP', 390, 27, 8, 9, .471, 3.67, 32, 32, 0, 3, 2, 0, 196.1, 187, 85, 80, 20, 64, 8, 202, 5, 5, 4, 830, 106, 1.278, 8.6, 0.9, 2.9, 9.3, 3.16);
insert into PITCHEO_JUGADOR_EQUIPO values( 464, 21, 2011, 'SP', 560, 24, 5, 13, .278, 4.89, 29, 29, 0, 0, 0, 0, 165.2, 187, 96, 90, 23, 49, 6, 117, 1, 1, 2, 719, 80, 1.425, 10.2, 1.2, 2.7, 6.4, 2.39);
insert into PITCHEO_JUGADOR_EQUIPO values( 465, 27, 2011, 'RP', 763, 27, 9, 6, .600, 2.96, 67, 0, 11, 0, 0, 0, 76.0, 64, 27, 25, 7, 14, 5, 63, 2, 0, 1, 297, 132, 1.026, 7.6, 0.8, 1.7, 7.5, 4.50);
insert into PITCHEO_JUGADOR_EQUIPO values( 466, 19, 2011, 'RP', 530, 26, 5, 6, .455, 3.43, 72, 0, 11, 0, 0, 0, 63.0, 51, 28, 24, 9, 31, 2, 68, 2, 0, 3, 267, 114, 1.302, 7.3, 1.3, 4.4, 9.7, 2.19);
insert into PITCHEO_JUGADOR_EQUIPO values( 467, 19, 2011, 'RP', 535, 25, 2, 4, .333, 3.20, 53, 0, 10, 0, 0, 0, 50.2, 48, 20, 18, 2, 20, 5, 31, 2, 1, 1, 214, 123, 1.342, 8.5, 0.4, 3.6, 5.5, 1.55);
insert into PITCHEO_JUGADOR_EQUIPO values( 468, 27, 2011, 'RP', 760, 35, 1, 1, .500, 1.82, 54, 0, 6, 0, 0, 0, 24.2, 13, 7, 5, 3, 13, 5, 31, 2, 0, 0, 103, 217, 1.054, 4.7, 1.1, 4.7, 11.3, 2.38);
insert into PITCHEO_JUGADOR_EQUIPO values( 469, 26, 2011, 'P', 793, 28, 2, 3, .400, 4.10, 50, 0, 15, 0, 0, 1, 63.2, 65, 29, 29, 1, 24, 4, 51, 4, 0, 4, 276, 96, 1.398, 9.2, 0.1, 3.4, 7.2, 2.13);
insert into PITCHEO_JUGADOR_EQUIPO values( 470, 3, 2011, 'P', 84, 27, 3, 1, .750, 1.64, 9, 9, 0, 0, 0, 0, 60.1, 39, 13, 11, 2, 20, 2, 56, 1, 1, 2, 234, 239, 0.978, 5.8, 0.3, 3.0, 8.4, 2.80);
insert into PITCHEO_JUGADOR_EQUIPO values( 471, 19, 2011, 'P', 529, 25, 2, 1, .667, 2.63, 45, 0, 21, 0, 0, 3, 54.2, 45, 18, 16, 1, 19, 7, 55, 3, 0, 5, 229, 149, 1.171, 7.4, 0.2, 3.1, 9.1, 2.89);
insert into PITCHEO_JUGADOR_EQUIPO values( 472, 19, 2011, 'P', 527, 24, 0, 1, .000, 4.43, 17, 0, 9, 0, 0, 0, 20.1, 16, 11, 10, 1, 12, 0, 21, 0, 0, 1, 88, 90, 1.377, 7.1, 0.4, 5.3, 9.3, 1.75);
insert into PITCHEO_JUGADOR_EQUIPO values( 473, 19, 2011, 'P', 541, 22, 0, 0, 0, 3.27, 3, 2, 0, 0, 0, 0, 11.0, 13, 4, 4, 2, 3, 0, 8, 0, 0, 2, 48, 123, 1.455, 10.6, 1.6, 2.5, 6.5, 2.67);
insert into PITCHEO_JUGADOR_EQUIPO values( 474, 26, 2011, 'SP', 801, 25, 17, 10, .630, 3.52, 33, 33, 0, 1, 1, 0, 207.1, 193, 92, 81, 27, 59, 1, 207, 1, 0, 12, 865, 112, 1.215, 8.4, 1.2, 2.6, 9.0, 3.51);
insert into PITCHEO_JUGADOR_EQUIPO values( 475, 16, 2011, 'SP', 421, 29, 13, 7, .650, 3.54, 33, 33, 0, 0, 0, 0, 200.2, 175, 84, 79, 22, 57, 3, 158, 0, 0, 6, 823, 111, 1.156, 7.8, 1.0, 2.6, 7.1, 2.77);
insert into PITCHEO_JUGADOR_EQUIPO values( 476, 23, 2011, 'SP', 23, 27, 16, 6, .727, 3.83, 28, 28, 0, 0, 0, 0, 171.2, 161, 82, 73, 19, 45, 0, 201, 4, 0, 10, 715, 103, 1.200, 8.4, 1.0, 2.4, 10.5, 4.47);
insert into PITCHEO_JUGADOR_EQUIPO values( 477, 26, 2011, 'SP', 790, 29, 11, 8, .579, 4.45, 30, 28, 0, 0, 0, 0, 161.2, 160, 82, 80, 17, 65, 1, 126, 1, 1, 4, 699, 89, 1.392, 8.9, 0.9, 3.6, 7.0, 1.94);
insert into PITCHEO_JUGADOR_EQUIPO values( 478, 26, 2011, 'CL', 792, 28, 2, 2, .500, 1.95, 74, 0, 63, 0, 0, 46, 73.2, 59, 19, 16, 4, 25, 1, 86, 0, 0, 8, 305, 202, 1.140, 7.2, 0.5, 3.1, 10.5, 3.44);
insert into PITCHEO_JUGADOR_EQUIPO values( 479, 26, 2011, 'RP', 799, 27, 4, 8, .333, 4.08, 43, 7, 12, 0, 0, 0, 92.2, 83, 45, 42, 11, 29, 2, 88, 2, 2, 4, 381, 97, 1.209, 8.1, 1.1, 2.8, 8.5, 3.03);
insert into PITCHEO_JUGADOR_EQUIPO values( 480, 7, 2011, 'RP', 274, 29, 4, 7, .364, 3.50, 72, 0, 19, 0, 0, 1, 72.0, 65, 30, 28, 4, 16, 2, 61, 2, 0, 5, 291, 113, 1.125, 8.1, 0.5, 2.0, 7.6, 3.81);
insert into PITCHEO_JUGADOR_EQUIPO values( 481, 16, 2011, 'RP', 412, 38, 3, 1, .750, 2.42, 52, 0, 10, 0, 0, 0, 48.1, 50, 15, 13, 1, 10, 1, 28, 0, 0, 2, 204, 164, 1.241, 9.3, 0.2, 1.9, 5.2, 2.80);
insert into PITCHEO_JUGADOR_EQUIPO values( 482, 26, 2011, 'P', 798, 26, 1, 1, .500, 3.68, 9, 0, 3, 0, 0, 0, 14.2, 14, 9, 6, 3, 3, 0, 15, 0, 1, 0, 61, 110, 1.159, 8.6, 1.8, 1.8, 9.2, 5.00);
insert into PITCHEO_JUGADOR_EQUIPO values( 483, 26, 2011, 'P', 800, 26, 0, 0, 0, 0.00, 2, 0, 2, 0, 0, 0, 2.0, 2, 0, 0, 0, 3, 0, 2, 0, 0, 0, 10, 0, 2.500, 9.0, 0.0, 13.5, 9.0, 0.67);
insert into PITCHEO_JUGADOR_EQUIPO values( 484, 27, 2011, 'SP', 767, 36, 11, 9, .550, 3.45, 34, 34, 0, 4, 2, 0, 237.1, 243, 98, 91, 16, 55, 5, 191, 6, 1, 3, 996, 108, 1.256, 9.2, 0.6, 2.1, 7.2, 3.47);
insert into PITCHEO_JUGADOR_EQUIPO values( 485, 27, 2011, 'SP', 768, 24, 13, 7, .650, 3.56, 32, 32, 0, 2, 2, 0, 194.2, 207, 100, 77, 15, 50, 2, 156, 2, 1, 12, 826, 104, 1.320, 9.6, 0.7, 2.3, 7.2, 3.12);
insert into PITCHEO_JUGADOR_EQUIPO values( 486, 26, 2011, 'SP', 802, 32, 14, 8, .636, 3.39, 30, 30, 0, 1, 1, 0, 188.1, 178, 80, 71, 16, 42, 1, 111, 3, 0, 1, 775, 109, 1.168, 8.5, 0.8, 2.0, 5.3, 2.64);
insert into PITCHEO_JUGADOR_EQUIPO values( 487, 27, 2011, 'SP', 772, 33, 12, 9, .571, 4.66, 33, 33, 0, 0, 0, 0, 183.1, 208, 103, 95, 16, 73, 8, 104, 2, 0, 3, 809, 80, 1.533, 10.2, 0.8, 3.6, 5.1, 1.42);
insert into PITCHEO_JUGADOR_EQUIPO values( 488, 25, 2011, 'SP', 168, 27, 5, 2, .714, 3.58, 13, 12, 1, 0, 0, 0, 78.0, 91, 37, 31, 8, 23, 2, 51, 2, 1, 2, 339, 104, 1.462, 10.5, 0.9, 2.7, 5.9, 2.22);
insert into PITCHEO_JUGADOR_EQUIPO values( 489, 27, 2011, 'CL', 766, 26, 5, 6, .455, 2.28, 68, 0, 46, 0, 0, 24, 75.0, 50, 20, 19, 7, 21, 3, 75, 2, 0, 2, 295, 163, 0.947, 6.0, 0.8, 2.5, 9.0, 3.57);
insert into PITCHEO_JUGADOR_EQUIPO values( 490, 27, 2011, 'RP', 762, 29, 5, 2, .714, 2.25, 78, 0, 27, 0, 0, 9, 68.0, 49, 22, 17, 2, 16, 2, 63, 5, 0, 1, 268, 166, 0.956, 6.5, 0.3, 2.1, 8.3, 3.94);
insert into PITCHEO_JUGADOR_EQUIPO values( 491, 27, 2011, 'RP', 759, 27, 2, 3, .400, 3.56, 51, 0, 20, 0, 0, 4, 60.2, 62, 27, 24, 4, 21, 2, 48, 2, 0, 5, 260, 105, 1.368, 9.2, 0.6, 3.1, 7.1, 2.29);
insert into PITCHEO_JUGADOR_EQUIPO values( 492, 27, 2011, 'P', 770, 24, 1, 1, .500, 3.12, 18, 2, 2, 0, 0, 1, 34.2, 25, 12, 12, 3, 11, 1, 40, 1, 0, 1, 136, 120, 1.038, 6.5, 0.8, 2.9, 10.4, 3.64);
insert into PITCHEO_JUGADOR_EQUIPO values( 493, 11, 2011, 'P', 384, 37, 3, 3, .500, 3.28, 29, 0, 10, 0, 0, 2, 24.2, 16, 10, 9, 1, 5, 0, 32, 0, 0, 1, 96, 115, 0.851, 5.8, 0.4, 1.8, 11.7, 6.40);
insert into PITCHEO_JUGADOR_EQUIPO values( 494, 27, 2011, 'P', 765, 25, 0, 3, .000, 3.97, 28, 0, 1, 0, 0, 0, 22.2, 22, 11, 10, 1, 11, 1, 28, 1, 0, 1, 98, 95, 1.456, 8.7, 0.4, 4.4, 11.1, 2.55);
insert into PITCHEO_JUGADOR_EQUIPO values( 495, 15, 2011, 'P', 252, 33, 0, 1, .000, 3.38, 7, 0, 3, 0, 0, 0, 5.1, 6, 2, 2, 0, 4, 2, 7, 1, 0, 0, 27, 118, 1.875, 10.1, 0.0, 6.8, 11.8, 1.75);
insert into PITCHEO_JUGADOR_EQUIPO values( 496, 23, 2011, 'P', 10, 31, 0, 0, 0, 18.00, 1, 0, 1, 0, 0, 0, 1.0, 1, 2, 2, 1, 1, 0, 2, 0, 0, 0, 5, 29, 2.000, 9.0, 9.0, 9.0, 18.0, 2.00);
insert into PITCHEO_JUGADOR_EQUIPO values( 497, 29, 2011, 'SP', 49, 34, 9, 12, .429, 5.07, 32, 32, 0, 1, 1, 0, 199.0, 227, 119, 112, 46, 45, 5, 108, 6, 0, 0, 855, 78, 1.367, 10.3, 2.1, 2.0, 4.9, 2.40);
insert into PITCHEO_JUGADOR_EQUIPO values( 498, 29, 2011, 'SP', 53, 23, 12, 9, .571, 3.86, 29, 26, 2, 0, 0, 0, 167.2, 159, 74, 72, 23, 38, 3, 118, 8, 1, 2, 693, 102, 1.175, 8.5, 1.2, 2.0, 6.3, 3.11);
insert into PITCHEO_JUGADOR_EQUIPO values( 499, 29, 2011, 'SP', 51, 25, 9, 5, .643, 2.31, 24, 24, 0, 3, 1, 0, 156.0, 123, 51, 40, 8, 47, 0, 104, 10, 1, 5, 631, 171, 1.090, 7.1, 0.5, 2.7, 6.0, 2.21);
insert into PITCHEO_JUGADOR_EQUIPO values( 500, 29, 2011, 'SP', 50, 25, 9, 7, .563, 4.43, 22, 22, 0, 0, 0, 0, 132.0, 136, 68, 65, 18, 33, 2, 106, 5, 0, 4, 561, 89, 1.280, 9.3, 1.2, 2.3, 7.2, 3.21);
insert into PITCHEO_JUGADOR_EQUIPO values( 501, 22, 2011, 'SP', 834, 27, 5, 7, .417, 5.71, 20, 20, 0, 0, 0, 0, 108.2, 106, 72, 69, 19, 65, 3, 104, 4, 2, 5, 489, 69, 1.574, 8.8, 1.6, 5.4, 8.6, 1.60);
insert into PITCHEO_JUGADOR_EQUIPO values( 502, 25, 2011, 'SP', 172, 24, 6, 6, .500, 4.84, 22, 18, 2, 0, 0, 0, 106.0, 118, 57, 57, 10, 40, 5, 76, 4, 0, 2, 463, 82, 1.491, 10.0, 0.8, 3.4, 6.5, 1.90);
insert into PITCHEO_JUGADOR_EQUIPO values( 503, 29, 2011, 'RP', 45, 29, 3, 6, .333, 3.71, 75, 0, 21, 0, 0, 1, 70.1, 76, 30, 29, 5, 31, 6, 62, 1, 4, 2, 313, 107, 1.521, 9.7, 0.6, 4.0, 7.9, 2.00);
insert into PITCHEO_JUGADOR_EQUIPO values( 504, 29, 2011, 'RP', 46, 26, 5, 5, .500, 3.23, 66, 0, 14, 0, 0, 0, 61.1, 55, 25, 22, 6, 28, 7, 41, 2, 0, 6, 268, 123, 1.353, 8.1, 0.9, 4.1, 6.0, 1.46);
insert into PITCHEO_JUGADOR_EQUIPO values( 505, 29, 2011, 'RP', 41, 23, 4, 1, .800, 3.60, 54, 0, 13, 0, 0, 1, 50.0, 24, 21, 20, 2, 41, 0, 71, 2, 0, 4, 207, 110, 1.300, 4.3, 0.4, 7.4, 12.8, 1.73);
insert into PITCHEO_JUGADOR_EQUIPO values( 506, 29, 2011, 'P', 43, 27, 2, 1, .667, 3.71, 43, 4, 7, 0, 0, 0, 77.2, 57, 33, 32, 10, 21, 3, 73, 4, 0, 0, 307, 107, 1.004, 6.6, 1.2, 2.4, 8.5, 3.48);
insert into PITCHEO_JUGADOR_EQUIPO values( 507, 15, 2011, 'P', 250, 25, 0, 0, 0, 2.93, 12, 0, 4, 0, 0, 0, 15.1, 18, 6, 5, 2, 6, 1, 9, 0, 1, 0, 69, 137, 1.565, 10.6, 1.2, 3.5, 5.3, 1.50);
insert into PITCHEO_JUGADOR_EQUIPO values( 508, 12, 2011, 'P', 466, 30, 0, 0, 0, 3.86, 6, 0, 1, 0, 0, 0, 4.2, 6, 2, 2, 1, 3, 0, 3, 0, 0, 0, 23, 110, 1.929, 11.6, 1.9, 5.8, 5.8, 1.00);
insert into PITCHEO_JUGADOR_EQUIPO values( 509, 30, 2011, 'SP', 112, 27, 10, 10, .500, 3.83, 29, 29, 0, 2, 1, 0, 171.2, 186, 82, 73, 6, 77, 5, 110, 13, 1, 9, 769, 97, 1.532, 9.8, 0.3, 4.0, 5.8, 1.43);
insert into PITCHEO_JUGADOR_EQUIPO values( 510, 30, 2011, 'SP', 111, 26, 9, 9, .500, 4.21, 31, 31, 0, 0, 0, 0, 171.0, 176, 86, 80, 24, 78, 4, 142, 7, 1, 5, 754, 88, 1.485, 9.3, 1.3, 4.1, 7.5, 1.82);
insert into PITCHEO_JUGADOR_EQUIPO values( 511, 17, 2011, 'SP', 651, 29, 6, 14, .300, 3.66, 26, 26, 0, 1, 1, 0, 162.1, 160, 72, 66, 11, 50, 6, 97, 8, 0, 3, 687, 102, 1.294, 8.9, 0.6, 2.8, 5.4, 1.94);
insert into PITCHEO_JUGADOR_EQUIPO values( 512, 30, 2011, 'SP', 108, 28, 9, 9, .500, 3.38, 30, 26, 1, 1, 1, 0, 162.1, 163, 69, 61, 22, 33, 6, 96, 4, 1, 4, 668, 110, 1.207, 9.0, 1.2, 1.8, 5.3, 2.91);
insert into PITCHEO_JUGADOR_EQUIPO values( 513, 12, 2011, 'SP', 474, 30, 12, 11, .522, 4.79, 27, 26, 1, 1, 0, 0, 154.0, 175, 90, 82, 24, 39, 0, 77, 2, 1, 3, 660, 78, 1.390, 10.2, 1.4, 2.3, 4.5, 1.97);
insert into PITCHEO_JUGADOR_EQUIPO values( 514, 1, 2011, 'CL', 614, 29, 1, 4, .200, 1.83, 70, 0, 59, 0, 0, 40, 68.2, 56, 17, 14, 1, 16, 2, 61, 1, 0, 6, 274, 203, 1.049, 7.3, 0.1, 2.1, 8.0, 3.81);
insert into PITCHEO_JUGADOR_EQUIPO values( 515, 28, 2011, 'RP', 736, 30, 2, 4, .333, 3.80, 79, 0, 19, 0, 0, 1, 71.0, 54, 32, 30, 6, 34, 3, 79, 4, 1, 5, 305, 98, 1.239, 6.8, 0.8, 4.3, 10.0, 2.32);
insert into PITCHEO_JUGADOR_EQUIPO values( 516, 8, 2011, 'RP', 588, 28, 5, 4, .556, 4.39, 76, 0, 12, 0, 0, 1, 69.2, 73, 34, 34, 8, 30, 9, 79, 3, 1, 4, 309, 85, 1.478, 9.4, 1.0, 3.9, 10.2, 2.63);
insert into PITCHEO_JUGADOR_EQUIPO values( 517, 30, 2011, 'RP', 105, 26, 2, 2, .500, 3.95, 43, 0, 6, 0, 0, 0, 41.0, 34, 18, 18, 6, 20, 4, 37, 1, 0, 0, 174, 95, 1.317, 7.5, 1.3, 4.4, 8.1, 1.85);
insert into PITCHEO_JUGADOR_EQUIPO values( 518, 30, 2011, 'P', 101, 34, 2, 1, .667, 2.48, 28, 0, 4, 0, 0, 1, 32.2, 24, 10, 9, 2, 15, 5, 37, 4, 0, 3, 140, 151, 1.194, 6.6, 0.6, 4.1, 10.2, 2.47);
insert into PITCHEO_JUGADOR_EQUIPO values( 519, 30, 2011, 'P', 103, 27, 1, 1, .500, 2.88, 23, 0, 5, 0, 0, 0, 25.0, 26, 9, 8, 0, 7, 2, 24, 1, 0, 2, 110, 131, 1.320, 9.4, 0.0, 2.5, 8.6, 3.43);
insert into PITCHEO_JUGADOR_EQUIPO values( 520, 30, 2011, 'P', 110, 23, 0, 3, .000, 6.48, 4, 4, 0, 0, 0, 0, 16.2, 21, 12, 12, 3, 10, 0, 5, 1, 0, 0, 78, 59, 1.860, 11.3, 1.6, 5.4, 2.7, 0.50);
insert into PITCHEO_JUGADOR_EQUIPO values( 521, 30, 2011, 'P', 102, 25, 0, 1, .000, 4.09, 12, 0, 1, 0, 0, 0, 11.0, 9, 5, 5, 1, 4, 0, 10, 0, 0, 0, 46, 94, 1.182, 7.4, 0.8, 3.3, 8.2, 2.50);
insert into PITCHEO_JUGADOR_EQUIPO values( 522, 12, 2011, 'P', 473, 28, 0, 3, .000, 5.63, 13, 0, 5, 0, 0, 0, 8.0, 8, 5, 5, 1, 8, 3, 2, 0, 0, 1, 38, 69, 2.000, 9.0, 1.1, 9.0, 2.3, 0.25);
insert into PITCHEO_JUGADOR_EQUIPO values( 523, 1, 2011, 'SP', 620, 34, 10, 14, .417, 4.80, 34, 34, 0, 0, 0, 0, 202.1, 211, 111, 108, 23, 82, 2, 191, 5, 0, 7, 881, 81, 1.448, 9.4, 1.0, 3.6, 8.5, 2.33);
insert into PITCHEO_JUGADOR_EQUIPO values( 524, 25, 2011, 'SP', 167, 27, 10, 10, .500, 3.32, 31, 31, 0, 2, 0, 0, 198.0, 186, 90, 73, 14, 63, 5, 197, 3, 0, 6, 839, 118, 1.258, 8.5, 0.6, 2.9, 9.0, 3.13);
insert into PITCHEO_JUGADOR_EQUIPO values( 525, 25, 2011, 'CL', 162, 28, 2, 6, .250, 4.01, 75, 0, 61, 0, 0, 34, 74.0, 54, 33, 33, 5, 48, 2, 99, 9, 0, 4, 327, 98, 1.378, 6.6, 0.6, 5.8, 12.0, 2.06);
insert into PITCHEO_JUGADOR_EQUIPO values( 526, 25, 2011, 'RP', 169, 26, 8, 4, .667, 2.97, 75, 0, 18, 0, 0, 0, 88.0, 64, 35, 29, 5, 50, 3, 87, 5, 0, 8, 380, 132, 1.295, 6.5, 0.5, 5.1, 8.9, 1.74);
insert into PITCHEO_JUGADOR_EQUIPO values( 527, 29, 2011, 'RP', 44, 28, 6, 6, .500, 2.26, 78, 0, 18, 0, 0, 5, 75.2, 66, 21, 19, 1, 17, 4, 79, 2, 1, 0, 307, 173, 1.097, 7.9, 0.1, 2.0, 9.4, 4.65);
insert into PITCHEO_JUGADOR_EQUIPO values( 528, 25, 2011, 'RP', 164, 25, 1, 6, .143, 4.12, 64, 5, 10, 0, 0, 0, 67.2, 76, 37, 31, 12, 14, 4, 43, 2, 0, 1, 292, 95, 1.330, 10.1, 1.6, 1.9, 5.7, 3.07);
insert into PITCHEO_JUGADOR_EQUIPO values( 529, 22, 2011, 'P', 824, 24, 0, 0, 0, 1.69, 7, 1, 0, 0, 0, 0, 10.2, 3, 2, 2, 1, 4, 0, 8, 0, 0, 0, 39, 239, 0.656, 2.5, 0.8, 3.4, 6.8, 2.00);
insert into PITCHEO_JUGADOR_EQUIPO values( 530, 27, 2011, 'P', 767, 25, 0, 0, 0, 2.79, 10, 0, 1, 0, 0, 0, 9.2, 12, 3, 3, 1, 7, 1, 8, 0, 0, 2, 47, 145, 1.966, 11.2, 0.9, 6.5, 7.4, 1.14);
insert into PITCHEO_JUGADOR_EQUIPO values( 531, 10, 2011, 'SP', 202, 30, 7, 14, .333, 4.46, 34, 33, 1, 2, 0, 0, 216.0, 226, 116, 107, 31, 57, 5, 160, 4, 0, 7, 917, 85, 1.310, 9.4, 1.3, 2.4, 6.7, 2.81);
insert into PITCHEO_JUGADOR_EQUIPO values( 532, 30, 2011, 'SP', 113, 32, 11, 11, .500, 3.49, 30, 30, 0, 0, 0, 0, 191.0, 182, 81, 74, 25, 69, 7, 166, 5, 0, 5, 808, 109, 1.314, 8.6, 1.2, 3.3, 7.8, 2.41);
insert into PITCHEO_JUGADOR_EQUIPO values( 533, 28, 2011, 'SP', 743, 26, 6, 11, .353, 3.77, 31, 31, 0, 0, 0, 0, 186.0, 177, 93, 78, 24, 70, 7, 176, 5, 2, 3, 795, 100, 1.328, 8.6, 1.2, 3.4, 8.5, 2.51);
insert into PITCHEO_JUGADOR_EQUIPO values( 534, 3, 2011, 'SP', 82, 28, 6, 15, .286, 5.35, 28, 28, 0, 0, 0, 0, 156.1, 157, 103, 93, 21, 83, 5, 134, 2, 2, 3, 698, 71, 1.535, 9.0, 1.2, 4.8, 7.7, 1.61);
insert into PITCHEO_JUGADOR_EQUIPO values( 535, 30, 2011, 'CL', 104, 26, 8, 4, .667, 2.78, 71, 0, 47, 0, 0, 20, 74.1, 65, 28, 23, 5, 26, 6, 66, 2, 0, 1, 309, 137, 1.224, 7.9, 0.6, 3.1, 8.0, 2.54);
insert into PITCHEO_JUGADOR_EQUIPO values( 536, 21, 2011, 'RP', 558, 27, 2, 6, .250, 2.79, 73, 0, 13, 0, 0, 0, 71.0, 72, 26, 22, 6, 18, 3, 56, 3, 1, 1, 298, 136, 1.268, 9.1, 0.8, 2.3, 7.1, 3.11);
insert into PITCHEO_JUGADOR_EQUIPO values( 537, 8, 2011, 'RP', 589, 27, 2, 3, .400, 3.96, 47, 0, 11, 0, 0, 0, 52.1, 51, 24, 23, 6, 30, 5, 57, 3, 0, 2, 231, 96, 1.548, 8.8, 1.0, 5.2, 9.8, 1.90);
insert into PITCHEO_JUGADOR_EQUIPO values( 538, 16, 2011, 'P', 413, 31, 3, 3, .500, 11.48, 15, 0, 13, 0, 0, 4, 13.1, 27, 17, 17, 4, 5, 1, 6, 0, 0, 1, 71, 34, 2.400, 18.2, 2.7, 3.4, 4.1, 1.20);
insert into PITCHEO_JUGADOR_EQUIPO values( 539, 28, 2011, 'P', 740, 26, 0, 2, .000, 3.46, 6, 2, 0, 0, 0, 0, 13.0, 12, 8, 5, 0, 7, 0, 10, 1, 1, 1, 60, 113, 1.462, 8.3, 0.0, 4.8, 6.9, 1.43);
insert into PITCHEO_JUGADOR_EQUIPO values( 540, 28, 2011, 'P', 737, 26, 0, 0, 0, 1.50, 21, 0, 5, 0, 0, 0, 12.0, 6, 2, 2, 1, 5, 0, 11, 0, 0, 1, 44, 261, 0.917, 4.5, 0.8, 3.8, 8.3, 2.20);
insert into PITCHEO_JUGADOR_EQUIPO values( 541, 20, 2011, 'SP', 307, 24, 16, 12, .571, 3.49, 33, 33, 0, 3, 0, 0, 222.0, 217, 98, 86, 17, 50, 1, 169, 8, 1, 4, 921, 113, 1.203, 8.8, 0.7, 2.0, 6.9, 3.38);
insert into PITCHEO_JUGADOR_EQUIPO values( 542, 20, 2011, 'SP', 308, 26, 21, 4, .840, 2.88, 33, 33, 0, 1, 1, 0, 222.0, 186, 73, 71, 19, 55, 0, 198, 9, 1, 11, 900, 137, 1.086, 7.5, 0.8, 2.2, 8.0, 3.60);
insert into PITCHEO_JUGADOR_EQUIPO values( 543, 7, 2011, 'SP', 283, 30, 12, 13, .480, 3.69, 33, 33, 0, 1, 0, 0, 212.0, 210, 94, 87, 29, 67, 4, 108, 3, 0, 3, 874, 107, 1.307, 8.9, 1.2, 2.8, 4.6, 1.61);
insert into PITCHEO_JUGADOR_EQUIPO values( 544, 20, 2011, 'SP', 299, 25, 10, 10, .500, 3.38, 31, 24, 3, 0, 0, 0, 154.1, 137, 61, 58, 17, 28, 2, 100, 5, 1, 1, 621, 117, 1.069, 8.0, 1.0, 1.6, 5.8, 3.57);
insert into PITCHEO_JUGADOR_EQUIPO values( 545, 20, 2011, 'CL', 301, 34, 2, 2, .500, 2.17, 60, 0, 52, 0, 0, 45, 58.0, 41, 15, 14, 4, 12, 0, 61, 2, 0, 2, 229, 182, 0.914, 6.4, 0.6, 1.9, 9.5, 5.08);
insert into PITCHEO_JUGADOR_EQUIPO values( 546, 20, 2011, 'RP', 300, 26, 5, 3, .625, 3.38, 74, 0, 28, 0, 0, 11, 69.1, 49, 27, 26, 4, 30, 1, 77, 2, 1, 7, 291, 117, 1.139, 6.4, 0.5, 3.9, 10.0, 2.57);
insert into PITCHEO_JUGADOR_EQUIPO values( 547, 18, 2011, 'P', 851, 28, 3, 4, .429, 4.93, 21, 9, 5, 0, 0, 1, 76.2, 101, 42, 42, 6, 19, 0, 32, 1, 0, 1, 338, 80, 1.565, 11.9, 0.7, 2.2, 3.8, 1.68);
insert into PITCHEO_JUGADOR_EQUIPO values( 548, 20, 2011, 'P', 310, 24, 4, 2, .667, 4.50, 8, 7, 0, 0, 0, 0, 40.0, 48, 20, 20, 6, 18, 0, 25, 0, 0, 1, 180, 88, 1.650, 10.8, 1.4, 4.1, 5.6, 1.39);
insert into PITCHEO_JUGADOR_EQUIPO values( 549, 10, 2011, 'P', 195, 23, 1, 0, 1.000, 2.54, 33, 0, 8, 0, 0, 0, 28.1, 30, 9, 8, 2, 8, 1, 24, 4, 0, 1, 122, 157, 1.341, 9.5, 0.6, 2.5, 7.6, 3.00);
insert into PITCHEO_JUGADOR_EQUIPO values( 550, 20, 2011, 'P', 304, 31, 0, 0, 0, 1.74, 23, 0, 4, 0, 0, 0, 20.2, 15, 7, 4, 0, 6, 0, 15, 0, 0, 0, 79, 230, 1.016, 6.5, 0.0, 2.6, 6.5, 2.50);
insert into PITCHEO_JUGADOR_EQUIPO values( 551, 14, 2011, 'P', 134, 27, 0, 0, 0, 5.40, 20, 0, 3, 0, 0, 0, 18.1, 22, 16, 11, 3, 9, 0, 23, 1, 0, 0, 90, 74, 1.691, 10.8, 1.5, 4.4, 11.3, 2.56);
insert into PITCHEO_JUGADOR_EQUIPO values( 552, 22, 2011, 'P', 830, 32, 0, 1, .000, 9.53, 3, 3, 0, 0, 0, 0, 11.1, 22, 16, 12, 3, 4, 0, 5, 1, 0, 0, 63, 43, 2.294, 17.5, 2.4, 3.2, 4.0, 1.25);
insert into PITCHEO_JUGADOR_EQUIPO values( 553, 8, 2011, 'P', 585, 24, 0, 1, .000, 7.04, 12, 0, 5, 0, 0, 0, 7.2, 11, 6, 6, 0, 8, 0, 7, 0, 1, 1, 41, 59, 2.478, 12.9, 0.0, 9.4, 8.2, 0.88);
insert into PITCHEO_JUGADOR_EQUIPO values( 554, 8, 2011, 'P', 595, 22, 0, 0, 0, 0.00, 1, 1, 0, 0, 0, 0, 5.2, 4, 0, 0, 0, 1, 0, 1, 0, 0, 0, 22, 0, 0.882, 6.4, 0.0, 1.6, 1.6, 1.00);
insert into PITCHEO_JUGADOR_EQUIPO values( 555, 24, 2011, 'SP', 337, 26, 12, 11, .522, 2.88, 33, 33, 0, 1, 0, 0, 221.2, 177, 82, 71, 9, 63, 5, 179, 9, 0, 4, 907, 121, 1.083, 7.2, 0.4, 2.6, 7.3, 2.84);
insert into PITCHEO_JUGADOR_EQUIPO values( 556, 24, 2011, 'SP', 338, 27, 13, 14, .481, 2.74, 33, 33, 0, 1, 1, 0, 217.0, 176, 74, 66, 15, 86, 5, 220, 6, 0, 9, 900, 127, 1.207, 7.3, 0.6, 3.6, 9.1, 2.56);
insert into PITCHEO_JUGADOR_EQUIPO values( 557, 24, 2011, 'SP', 336, 21, 13, 13, .500, 3.21, 33, 33, 0, 0, 0, 0, 204.2, 202, 82, 73, 12, 46, 5, 191, 5, 1, 0, 844, 109, 1.212, 8.9, 0.5, 2.0, 8.4, 4.15);
insert into PITCHEO_JUGADOR_EQUIPO values( 558, 24, 2011, 'SP', 339, 33, 13, 7, .650, 2.71, 30, 28, 1, 1, 1, 0, 179.2, 164, 62, 54, 15, 61, 6, 139, 5, 1, 1, 752, 129, 1.252, 8.2, 0.8, 3.1, 7.0, 2.28);
insert into PITCHEO_JUGADOR_EQUIPO values( 559, 30, 2011, 'SP', 114, 28, 4, 7, .364, 4.26, 19, 19, 0, 0, 0, 0, 101.1, 80, 54, 48, 9, 66, 2, 102, 6, 0, 5, 444, 82, 1.441, 7.1, 0.8, 5.9, 9.1, 1.55);
insert into PITCHEO_JUGADOR_EQUIPO values( 560, 24, 2011, 'RP', 329, 32, 3, 2, .600, 2.63, 67, 0, 12, 0, 0, 3, 61.2, 47, 22, 18, 5, 24, 3, 54, 4, 0, 4, 259, 133, 1.151, 6.9, 0.7, 3.5, 7.9, 2.25);
insert into PITCHEO_JUGADOR_EQUIPO values( 561, 24, 2011, 'RP', 333, 33, 5, 2, .714, 2.72, 70, 0, 17, 0, 0, 1, 53.0, 42, 16, 16, 0, 26, 6, 40, 3, 0, 1, 222, 129, 1.283, 7.1, 0.0, 4.4, 6.8, 1.54);
insert into PITCHEO_JUGADOR_EQUIPO values( 562, 24, 2011, 'RP', 335, 28, 3, 1, .750, 1.50, 65, 0, 16, 0, 0, 1, 48.0, 29, 8, 8, 2, 5, 1, 70, 0, 0, 0, 175, 234, 0.708, 5.4, 0.4, 0.9, 13.1, 14.00);
insert into PITCHEO_JUGADOR_EQUIPO values( 563, 24, 2011, 'P', 340, 33, 3, 4, .429, 5.87, 13, 9, 3, 0, 0, 0, 53.2, 51, 35, 35, 10, 24, 1, 32, 0, 0, 1, 225, 60, 1.398, 8.6, 1.7, 4.0, 5.4, 1.33);
insert into PITCHEO_JUGADOR_EQUIPO values( 564, 24, 2011, 'P', 330, 30, 2, 2, .500, 1.74, 49, 0, 20, 0, 0, 6, 51.2, 33, 11, 10, 1, 25, 1, 45, 2, 0, 5, 211, 201, 1.123, 5.7, 0.2, 4.4, 7.8, 1.80);
insert into PITCHEO_JUGADOR_EQUIPO values( 565, 24, 2011, 'P', 327, 23, 2, 2, .500, 5.74, 6, 6, 0, 0, 0, 0, 26.2, 32, 18, 17, 1, 17, 1, 13, 2, 0, 0, 126, 62, 1.838, 10.8, 0.3, 5.7, 4.4, 0.76);
insert into PITCHEO_JUGADOR_EQUIPO values( 566, 23, 2011, 'SP', 24, 23, 21, 5, .808, 2.28, 33, 33, 0, 5, 2, 0, 233.1, 174, 66, 59, 15, 54, 2, 248, 3, 1, 5, 912, 161, 0.977, 6.7, 0.6, 2.1, 9.6, 4.59);
insert into PITCHEO_JUGADOR_EQUIPO values( 567, 2, 2011, 'SP', 712, 36, 13, 16, .448, 3.07, 32, 32, 0, 0, 0, 0, 202.0, 196, 77, 69, 24, 49, 6, 161, 5, 1, 12, 838, 120, 1.213, 8.7, 1.1, 2.2, 7.2, 3.29);
insert into PITCHEO_JUGADOR_EQUIPO values( 568, 23, 2011, 'SP', 25, 35, 12, 14, .462, 3.97, 33, 33, 0, 0, 0, 0, 192.2, 172, 88, 85, 28, 51, 8, 158, 9, 2, 2, 800, 93, 1.157, 8.0, 1.3, 2.4, 7.4, 3.10);
insert into PITCHEO_JUGADOR_EQUIPO values( 569, 23, 2011, 'SP', 22, 26, 11, 11, .500, 4.21, 32, 32, 0, 1, 0, 0, 188.0, 189, 98, 88, 14, 84, 4, 152, 7, 0, 5, 829, 87, 1.452, 9.0, 0.7, 4.0, 7.3, 1.81);
insert into PITCHEO_JUGADOR_EQUIPO values( 570, 23, 2011, 'CL', 15, 25, 2, 2, .500, 2.31, 47, 0, 38, 0, 0, 21, 46.2, 37, 12, 12, 2, 18, 1, 38, 3, 0, 2, 195, 160, 1.179, 7.1, 0.4, 3.5, 7.3, 2.11);
insert into PITCHEO_JUGADOR_EQUIPO values( 571, 23, 2011, 'RP', 16, 32, 4, 3, .571, 4.07, 70, 0, 12, 0, 0, 1, 66.1, 59, 31, 30, 4, 25, 5, 50, 0, 0, 2, 282, 91, 1.266, 8.0, 0.5, 3.4, 6.8, 2.00);
insert into PITCHEO_JUGADOR_EQUIPO values( 572, 23, 2011, 'RP', 18, 23, 2, 1, .667, 2.85, 51, 0, 13, 0, 0, 5, 53.2, 30, 17, 17, 3, 26, 0, 96, 2, 2, 0, 218, 130, 1.043, 5.0, 0.5, 4.4, 16.1, 3.69);
insert into PITCHEO_JUGADOR_EQUIPO values( 573, 21, 2011, 'P', 565, 31, 1, 5, .167, 4.33, 9, 9, 0, 1, 0, 0, 54.0, 55, 26, 26, 6, 20, 0, 28, 2, 1, 0, 230, 85, 1.389, 9.2, 1.0, 3.3, 4.7, 1.40);
insert into PITCHEO_JUGADOR_EQUIPO values( 574, 19, 2011, 'P', 537, 21, 1, 2, .333, 3.63, 10, 6, 1, 0, 0, 0, 34.2, 28, 14, 14, 2, 20, 0, 23, 2, 0, 0, 146, 102, 1.385, 7.3, 0.5, 5.2, 6.0, 1.15);
insert into PITCHEO_JUGADOR_EQUIPO values( 575, 23, 2011, 'P', 14, 25, 0, 1, .000, 2.43, 47, 0, 11, 0, 0, 2, 33.1, 27, 9, 9, 1, 14, 4, 34, 1, 0, 2, 139, 153, 1.230, 7.3, 0.3, 3.8, 9.2, 2.43);
insert into PITCHEO_JUGADOR_EQUIPO values( 576, 29, 2011, 'P', 40, 27, 1, 2, .333, 5.68, 14, 0, 12, 0, 0, 7, 12.2, 15, 10, 8, 2, 9, 2, 10, 0, 0, 0, 62, 67, 1.895, 10.7, 1.4, 6.4, 7.1, 1.11);
insert into PITCHEO_JUGADOR_EQUIPO values( 577, 21, 2011, 'SP', 562, 23, 11, 14, .440, 3.62, 31, 31, 0, 2, 1, 0, 194.0, 168, 87, 78, 20, 87, 1, 150, 4, 0, 7, 827, 126, 1.314, 7.8, 0.9, 4.0, 7.0, 1.72);
insert into PITCHEO_JUGADOR_EQUIPO values( 578, 4, 2011, 'SP', 450, 28, 7, 13, .350, 4.76, 32, 27, 2, 0, 0, 1, 170.1, 175, 100, 90, 21, 68, 3, 94, 6, 1, 8, 739, 96, 1.427, 9.2, 1.1, 3.6, 5.0, 1.38);
insert into PITCHEO_JUGADOR_EQUIPO values( 579, 10, 2011, 'SP', 198, 27, 6, 9, .400, 4.46, 21, 21, 0, 2, 1, 0, 123.0, 118, 68, 61, 10, 51, 5, 118, 7, 0, 6, 532, 102, 1.374, 8.6, 0.7, 3.7, 8.6, 2.31);
insert into PITCHEO_JUGADOR_EQUIPO values( 580, 3, 2011, 'SP', 76, 25, 6, 6, .500, 7.05, 18, 13, 1, 0, 0, 0, 83.0, 110, 65, 65, 14, 47, 5, 63, 6, 1, 5, 404, 65, 1.892, 11.9, 1.5, 5.1, 6.8, 1.34);
insert into PITCHEO_JUGADOR_EQUIPO values( 581, 21, 2011, 'SP', 566, 24, 4, 4, .500, 4.14, 13, 13, 0, 0, 0, 0, 71.2, 73, 35, 33, 8, 18, 3, 58, 1, 0, 1, 299, 110, 1.270, 9.2, 1.0, 2.3, 7.3, 3.22);
insert into PITCHEO_JUGADOR_EQUIPO values( 582, 22, 2011, 'CL', 826, 27, 1, 4, .200, 3.86, 62, 0, 47, 0, 0, 29, 58.1, 62, 28, 25, 10, 9, 1, 55, 1, 0, 0, 239, 119, 1.217, 9.6, 1.5, 1.4, 8.5, 6.11);
insert into PITCHEO_JUGADOR_EQUIPO values( 583, 21, 2011, 'RP', 554, 31, 10, 4, .714, 3.25, 74, 0, 10, 0, 0, 0, 72.0, 77, 33, 26, 5, 14, 3, 58, 4, 0, 2, 301, 141, 1.264, 9.6, 0.6, 1.8, 7.3, 4.14);
insert into PITCHEO_JUGADOR_EQUIPO values( 584, 21, 2011, 'RP', 555, 36, 2, 0, 1.000, 2.89, 68, 0, 24, 0, 0, 8, 62.1, 46, 21, 20, 7, 8, 0, 73, 0, 2, 1, 237, 158, 0.866, 6.6, 1.0, 1.2, 10.5, 9.13);
insert into PITCHEO_JUGADOR_EQUIPO values( 585, 13, 2011, 'RP', 355, 31, 2, 2, .500, 3.00, 63, 0, 16, 0, 0, 2, 54.0, 52, 21, 18, 3, 14, 4, 36, 2, 0, 2, 226, 152, 1.222, 8.7, 0.5, 2.3, 6.0, 2.57);
insert into PITCHEO_JUGADOR_EQUIPO values( 586, 20, 2011, 'RP', 302, 26, 1, 2, .333, 4.09, 73, 0, 9, 0, 0, 0, 50.2, 48, 24, 23, 10, 18, 5, 50, 0, 2, 5, 211, 112, 1.303, 8.5, 1.8, 3.2, 8.9, 2.78);
insert into PITCHEO_JUGADOR_EQUIPO values( 587, 1, 2011, 'P', 616, 26, 2, 4, .333, 3.86, 16, 6, 6, 0, 0, 0, 58.1, 55, 30, 25, 9, 24, 2, 30, 2, 0, 3, 244, 119, 1.354, 8.5, 1.4, 3.7, 4.6, 1.25);
insert into PITCHEO_JUGADOR_EQUIPO values( 588, 21, 2011, 'P', 556, 23, 1, 2, .333, 2.88, 48, 0, 6, 0, 0, 1, 40.2, 33, 14, 13, 4, 20, 2, 59, 0, 0, 2, 172, 159, 1.303, 7.3, 0.9, 4.4, 13.1, 2.95);
insert into PITCHEO_JUGADOR_EQUIPO values( 589, 28, 2011, 'P', 745, 22, 2, 4, .333, 8.42, 7, 7, 0, 0, 0, 0, 36.1, 48, 35, 34, 12, 16, 1, 24, 4, 0, 5, 171, 54, 1.761, 11.9, 3.0, 4.0, 5.9, 1.50);
insert into PITCHEO_JUGADOR_EQUIPO values( 590, 21, 2011, 'P', 557, 24, 0, 0, 0, 1.75, 14, 0, 5, 0, 0, 0, 25.2, 17, 5, 5, 3, 7, 2, 14, 0, 0, 0, 99, 263, 0.935, 6.0, 1.1, 2.5, 4.9, 2.00);
insert into PITCHEO_JUGADOR_EQUIPO values( 591, 12, 2011, 'P', 471, 28, 0, 0, 0, 3.78, 19, 0, 6, 0, 0, 0, 16.2, 14, 7, 7, 1, 7, 1, 12, 1, 0, 1, 68, 123, 1.260, 7.6, 0.5, 3.8, 6.5, 1.71);
insert into PITCHEO_JUGADOR_EQUIPO values( 592, 14, 2011, 'P', 129, 27, 0, 4, .000, 7.36, 18, 0, 8, 0, 0, 0, 14.2, 23, 12, 12, 3, 7, 0, 14, 0, 0, 1, 68, 63, 2.045, 14.1, 1.8, 4.3, 8.6, 2.00);
insert into PITCHEO_JUGADOR_EQUIPO values( 593, 1, 2011, 'P', 624, 25, 0, 1, .000, 3.86, 14, 0, 4, 0, 0, 0, 14.0, 10, 6, 6, 2, 8, 1, 11, 0, 0, 1, 59, 121, 1.286, 6.4, 1.3, 5.1, 7.1, 1.38);
insert into PITCHEO_JUGADOR_EQUIPO values( 594, 22, 2011, 'P', 833, 31, 0, 0, 0, 6.00, 6, 0, 2, 0, 0, 0, 12.0, 11, 8, 8, 4, 4, 1, 7, 1, 0, 0, 53, 78, 1.250, 8.3, 3.0, 3.0, 5.3, 1.75);
insert into PITCHEO_JUGADOR_EQUIPO values( 595, 3, 2011, 'P', 81, 28, 0, 0, 0, 9.00, 1, 0, 1, 0, 0, 0, 2.0, 5, 2, 2, 0, 1, 0, 1, 0, 0, 0, 11, 59, 3.000, 22.5, 0.0, 4.5, 4.5, 1.00);
insert into PITCHEO_JUGADOR_EQUIPO values( 596, 29, 2011, 'SP', 52, 23, 9, 14, .391, 3.47, 31, 31, 0, 0, 0, 0, 194.1, 168, 82, 75, 16, 62, 3, 185, 1, 0, 5, 799, 102, 1.184, 7.8, 0.7, 2.9, 8.6, 2.98);
insert into PITCHEO_JUGADOR_EQUIPO values( 597, 22, 2011, 'SP', 831, 27, 5, 9, .357, 3.88, 18, 18, 0, 0, 0, 0, 99.2, 104, 52, 43, 8, 38, 2, 53, 2, 1, 3, 427, 92, 1.425, 9.4, 0.7, 3.4, 4.8, 1.39);
insert into PITCHEO_JUGADOR_EQUIPO values( 598, 19, 2011, 'SP', 539, 26, 5, 6, .455, 4.63, 14, 14, 0, 0, 0, 0, 79.2, 84, 42, 41, 7, 28, 1, 51, 1, 1, 1, 339, 77, 1.406, 9.5, 0.8, 3.2, 5.8, 1.82);
insert into PITCHEO_JUGADOR_EQUIPO values( 599, 20, 2011, 'CL', 298, 33, 3, 4, .429, 2.44, 64, 0, 54, 0, 0, 43, 62.2, 51, 20, 17, 4, 21, 2, 51, 0, 0, 8, 256, 146, 1.149, 7.3, 0.6, 3.0, 7.3, 2.43);
insert into PITCHEO_JUGADOR_EQUIPO values( 600, 19, 2011, 'RP', 532, 32, 6, 8, .429, 3.51, 77, 0, 20, 0, 0, 0, 74.1, 73, 30, 29, 7, 20, 5, 43, 0, 0, 4, 306, 102, 1.251, 8.8, 0.8, 2.4, 5.2, 2.15);
insert into PITCHEO_JUGADOR_EQUIPO values( 601, 6, 2011, 'RP', 499, 25, 1, 2, .333, 2.71, 59, 0, 20, 0, 0, 0, 63.0, 51, 21, 19, 3, 34, 5, 76, 9, 1, 1, 276, 132, 1.349, 7.3, 0.4, 4.9, 10.9, 2.24);
insert into PITCHEO_JUGADOR_EQUIPO values( 602, 22, 2011, 'RP', 825, 27, 3, 3, .500, 2.75, 61, 0, 11, 0, 0, 0, 55.2, 57, 23, 17, 2, 19, 3, 34, 2, 0, 2, 241, 130, 1.365, 9.2, 0.3, 3.1, 5.5, 1.79);
insert into PITCHEO_JUGADOR_EQUIPO values( 603, 15, 2011, 'RP', 246, 32, 3, 1, .750, 1.13, 48, 0, 5, 0, 0, 1, 48.0, 26, 7, 6, 2, 9, 1, 49, 0, 0, 0, 179, 319, 0.729, 4.9, 0.4, 1.7, 9.2, 5.44);
insert into PITCHEO_JUGADOR_EQUIPO values( 604, 22, 2011, 'P', 819, 26, 6, 10, .375, 3.29, 46, 17, 3, 0, 0, 0, 139.2, 105, 54, 51, 12, 44, 3, 154, 2, 2, 5, 555, 108, 1.067, 6.8, 0.8, 2.8, 9.9, 3.50);
insert into PITCHEO_JUGADOR_EQUIPO values( 605, 22, 2011, 'P', 822, 23, 2, 0, 1.000, 1.68, 27, 3, 6, 0, 0, 0, 48.1, 41, 9, 9, 3, 21, 1, 24, 1, 0, 1, 198, 214, 1.283, 7.6, 0.6, 3.9, 4.5, 1.14);
insert into PITCHEO_JUGADOR_EQUIPO values( 606, 8, 2011, 'P', 587, 30, 1, 1, .500, 4.01, 25, 0, 13, 0, 0, 0, 24.2, 19, 12, 11, 4, 22, 1, 20, 1, 0, 1, 112, 90, 1.662, 6.9, 1.5, 8.0, 7.3, 0.91);
insert into PITCHEO_JUGADOR_EQUIPO values( 607, 8, 2011, 'P', 590, 25, 0, 0, 0, 7.07, 10, 0, 5, 0, 0, 0, 14.0, 18, 11, 11, 1, 4, 0, 10, 0, 0, 0, 64, 52, 1.571, 11.6, 0.6, 2.6, 6.4, 2.50);
insert into PITCHEO_JUGADOR_EQUIPO values( 608, 22, 2011, 'P', 827, 29, 0, 0, 0, 4.50, 18, 0, 5, 0, 0, 0, 10.0, 8, 5, 5, 1, 7, 1, 9, 0, 0, 0, 44, 82, 1.500, 7.2, 0.9, 6.3, 8.1, 1.29);
insert into PITCHEO_JUGADOR_EQUIPO values( 609, 22, 2011, 'P', 823, 25, 0, 2, .000, 5.14, 9, 0, 4, 0, 0, 0, 7.0, 9, 5, 4, 0, 7, 4, 11, 1, 0, 1, 38, 73, 2.286, 11.6, 0.0, 9.0, 14.1, 1.57);
insert into PITCHEO_JUGADOR_EQUIPO values( 610, 15, 2011, 'SP', 253, 34, 19, 6, .760, 2.35, 32, 32, 0, 8, 1, 0, 233.2, 208, 65, 61, 10, 35, 4, 220, 4, 1, 2, 933, 163, 1.040, 8.0, 0.4, 1.3, 8.5, 6.29);
insert into PITCHEO_JUGADOR_EQUIPO values( 611, 15, 2011, 'SP', 257, 32, 17, 8, .680, 2.40, 32, 32, 0, 6, 6, 0, 232.2, 197, 66, 62, 18, 42, 0, 238, 6, 0, 0, 920, 160, 1.027, 7.6, 0.7, 1.6, 9.2, 5.67);
insert into PITCHEO_JUGADOR_EQUIPO values( 612, 15, 2011, 'SP', 254, 27, 14, 9, .609, 2.79, 32, 31, 0, 3, 0, 0, 216.0, 169, 68, 67, 19, 44, 2, 194, 5, 3, 3, 850, 137, 0.986, 7.0, 0.8, 1.8, 8.1, 4.41);
insert into PITCHEO_JUGADOR_EQUIPO values( 613, 12, 2011, 'SP', 480, 23, 11, 3, .786, 3.01, 25, 21, 0, 1, 0, 0, 131.2, 116, 47, 44, 10, 46, 2, 119, 3, 1, 2, 553, 127, 1.230, 7.9, 0.7, 3.1, 8.1, 2.59);
insert into PITCHEO_JUGADOR_EQUIPO values( 614, 6, 2011, 'CL', 494, 30, 4, 2, .667, 2.37, 62, 0, 46, 0, 0, 32, 60.2, 54, 16, 16, 2, 16, 8, 62, 1, 0, 0, 246, 162, 1.154, 8.0, 0.3, 2.4, 9.2, 3.88);
insert into PITCHEO_JUGADOR_EQUIPO values( 615, 15, 2011, 'RP', 255, 26, 8, 6, .571, 3.22, 34, 15, 5, 0, 0, 0, 114.2, 110, 50, 41, 14, 30, 5, 59, 7, 1, 1, 478, 119, 1.221, 8.6, 1.1, 2.4, 4.6, 1.97);
insert into PITCHEO_JUGADOR_EQUIPO values( 616, 15, 2011, 'RP', 248, 25, 6, 1, .857, 2.64, 64, 0, 15, 0, 0, 8, 58.0, 28, 17, 17, 6, 26, 0, 70, 0, 0, 4, 225, 146, 0.931, 4.3, 0.9, 4.0, 10.9, 2.69);
insert into PITCHEO_JUGADOR_EQUIPO values( 617, 6, 2011, 'P', 503, 30, 1, 2, .333, 5.01, 11, 8, 1, 0, 0, 0, 41.1, 52, 23, 23, 5, 9, 0, 35, 1, 0, 0, 180, 77, 1.476, 11.3, 1.1, 2.0, 7.6, 3.89);
insert into PITCHEO_JUGADOR_EQUIPO values( 618, 3, 2011, 'P', 78, 25, 1, 1, .500, 5.02, 12, 0, 5, 0, 0, 0, 14.1, 15, 8, 8, 2, 7, 1, 16, 1, 0, 0, 64, 78, 1.535, 9.4, 1.3, 4.4, 10.0, 2.29);
insert into PITCHEO_JUGADOR_EQUIPO values( 619, 14, 2011, 'SP', 142, 29, 16, 12, .571, 2.82, 33, 33, 0, 11, 4, 0, 249.1, 195, 83, 78, 26, 65, 1, 225, 5, 0, 4, 975, 134, 1.043, 7.0, 0.9, 2.3, 8.1, 3.46);
insert into PITCHEO_JUGADOR_EQUIPO values( 620, 5, 2011, 'SP', 231, 25, 12, 13, .480, 3.49, 34, 34, 0, 0, 0, 0, 224.1, 192, 93, 87, 22, 63, 5, 218, 9, 0, 2, 918, 108, 1.137, 7.7, 0.9, 2.5, 8.7, 3.46);
insert into PITCHEO_JUGADOR_EQUIPO values( 621, 5, 2011, 'SP', 227, 24, 13, 10, .565, 2.95, 29, 29, 0, 2, 1, 0, 189.0, 146, 64, 62, 21, 72, 8, 117, 4, 1, 8, 774, 128, 1.153, 7.0, 1.0, 3.4, 5.6, 1.63);
insert into PITCHEO_JUGADOR_EQUIPO values( 622, 14, 2011, 'SP', 138, 25, 11, 10, .524, 4.45, 29, 29, 0, 1, 0, 0, 184.0, 190, 96, 91, 23, 63, 1, 105, 8, 0, 6, 795, 85, 1.375, 9.3, 1.1, 3.1, 5.1, 1.67);
insert into PITCHEO_JUGADOR_EQUIPO values( 623, 5, 2011, 'SP', 230, 28, 11, 7, .611, 4.06, 23, 23, 0, 1, 0, 0, 135.1, 131, 65, 61, 18, 37, 1, 105, 5, 0, 7, 572, 93, 1.241, 8.7, 1.2, 2.5, 7.0, 2.84);
insert into PITCHEO_JUGADOR_EQUIPO values( 624, 5, 2011, 'CL', 218, 35, 5, 1, .833, 2.18, 63, 0, 51, 0, 0, 25, 57.2, 45, 15, 14, 5, 12, 1, 51, 3, 0, 2, 231, 173, 0.988, 7.0, 0.8, 1.9, 8.0, 4.25);
insert into PITCHEO_JUGADOR_EQUIPO values( 625, 5, 2011, 'RP', 222, 35, 3, 4, .429, 2.93, 71, 0, 18, 0, 0, 6, 67.2, 44, 23, 22, 7, 18, 3, 61, 0, 0, 3, 256, 129, 0.916, 5.9, 0.9, 2.4, 8.1, 3.39);
insert into PITCHEO_JUGADOR_EQUIPO values( 626, 5, 2011, 'RP', 223, 27, 0, 1, .000, 3.92, 59, 0, 9, 0, 0, 0, 43.2, 36, 22, 19, 4, 25, 8, 31, 3, 0, 1, 192, 97, 1.397, 7.4, 0.8, 5.2, 6.4, 1.24);
insert into PITCHEO_JUGADOR_EQUIPO values( 627, 23, 2011, 'RP', 17, 28, 2, 3, .400, 6.16, 46, 0, 5, 0, 0, 1, 30.2, 30, 24, 21, 5, 18, 1, 26, 2, 2, 2, 138, 62, 1.565, 8.8, 1.5, 5.3, 7.6, 1.44);
insert into PITCHEO_JUGADOR_EQUIPO values( 628, 5, 2011, 'P', 226, 23, 3, 2, .600, 3.42, 9, 9, 0, 0, 0, 0, 52.2, 49, 21, 20, 3, 21, 1, 37, 1, 0, 2, 224, 111, 1.329, 8.4, 0.5, 3.6, 6.3, 1.76);
insert into PITCHEO_JUGADOR_EQUIPO values( 629, 5, 2011, 'P', 219, 26, 2, 1, .667, 2.92, 40, 0, 17, 0, 0, 0, 37.0, 34, 15, 12, 3, 16, 0, 32, 1, 0, 1, 160, 130, 1.351, 8.3, 0.7, 3.9, 7.8, 2.00);
insert into PITCHEO_JUGADOR_EQUIPO values( 630, 5, 2011, 'P', 220, 24, 5, 2, .714, 4.50, 37, 0, 9, 0, 0, 0, 28.0, 30, 14, 14, 5, 12, 1, 27, 0, 0, 0, 124, 85, 1.500, 9.6, 1.6, 3.9, 8.7, 2.25);
insert into PITCHEO_JUGADOR_EQUIPO values( 631, 5, 2011, 'P', 229, 22, 1, 0, 1.000, 2.89, 3, 1, 0, 0, 0, 0, 9.1, 9, 3, 3, 1, 3, 0, 15, 0, 0, 2, 40, 136, 1.286, 8.7, 1.0, 2.9, 14.5, 5.00);
insert into PITCHEO_JUGADOR_EQUIPO values( 632, 23, 2011, 'SP', 21, 31, 13, 7, .650, 2.89, 30, 30, 0, 1, 1, 0, 193.0, 146, 65, 62, 21, 52, 1, 175, 9, 0, 6, 767, 149, 1.026, 6.8, 1.0, 2.4, 8.2, 3.37);
insert into PITCHEO_JUGADOR_EQUIPO values( 633, 1, 2011, 'SP', 623, 27, 15, 9, .625, 3.47, 31, 31, 0, 0, 0, 0, 191.2, 166, 77, 74, 20, 75, 0, 182, 11, 0, 4, 799, 124, 1.257, 7.8, 0.9, 3.5, 8.5, 2.43);
insert into PITCHEO_JUGADOR_EQUIPO values( 634, 1, 2011, 'SP', 622, 32, 12, 12, .500, 6.41, 28, 28, 0, 0, 0, 0, 160.0, 203, 119, 114, 20, 56, 1, 108, 19, 0, 11, 743, 67, 1.619, 11.4, 1.1, 3.2, 6.1, 1.93);
insert into PITCHEO_JUGADOR_EQUIPO values( 635, 1, 2011, 'SP', 619, 26, 6, 3, .667, 3.48, 14, 14, 0, 0, 0, 0, 82.2, 76, 34, 32, 10, 31, 1, 60, 2, 0, 3, 353, 124, 1.294, 8.3, 1.1, 3.4, 6.5, 1.94);
insert into PITCHEO_JUGADOR_EQUIPO values( 636, 1, 2011, 'SP', 615, 26, 6, 3, .667, 5.54, 17, 12, 2, 0, 0, 0, 65.0, 77, 43, 40, 8, 41, 0, 50, 3, 1, 2, 310, 78, 1.815, 10.7, 1.1, 5.7, 6.9, 1.22);
insert into PITCHEO_JUGADOR_EQUIPO values( 637, 15, 2011, 'CL', 251, 30, 4, 1, .800, 2.94, 63, 0, 54, 0, 0, 31, 64.1, 50, 22, 21, 3, 10, 1, 87, 3, 0, 1, 255, 147, 0.933, 7.0, 0.4, 1.4, 12.2, 8.70);
insert into PITCHEO_JUGADOR_EQUIPO values( 638, 1, 2011, 'RP', 611, 28, 10, 2, .833, 2.61, 55, 4, 15, 0, 0, 2, 114.0, 84, 37, 33, 8, 42, 1, 80, 15, 2, 1, 474, 165, 1.105, 6.6, 0.6, 3.3, 6.3, 1.90);
insert into PITCHEO_JUGADOR_EQUIPO values( 639, 10, 2011, 'RP', 189, 28, 4, 4, .500, 4.73, 56, 0, 10, 0, 0, 0, 64.2, 62, 35, 34, 7, 31, 1, 68, 5, 0, 2, 289, 91, 1.438, 8.6, 1.0, 4.3, 9.5, 2.19);
insert into PITCHEO_JUGADOR_EQUIPO values( 640, 28, 2011, 'P', 738, 32, 1, 2, .333, 4.03, 8, 8, 0, 0, 0, 0, 38.0, 41, 22, 17, 3, 18, 0, 38, 0, 0, 0, 168, 107, 1.553, 9.7, 0.7, 4.3, 9.0, 2.11);
insert into PITCHEO_JUGADOR_EQUIPO values( 641, 1, 2011, 'P', 624, 25, 1, 1, .500, 3.62, 36, 0, 9, 0, 0, 0, 32.1, 30, 15, 13, 4, 11, 0, 31, 2, 1, 1, 134, 120, 1.268, 8.4, 1.1, 3.1, 8.6, 2.82);
insert into PITCHEO_JUGADOR_EQUIPO values( 642, 16, 2011, 'P', 408, 35, 1, 0, 1.000, 3.26, 17, 0, 4, 0, 0, 1, 30.1, 31, 11, 11, 0, 6, 0, 17, 2, 0, 2, 122, 133, 1.220, 9.2, 0.0, 1.8, 5.0, 2.83);
insert into PITCHEO_JUGADOR_EQUIPO values( 643, 25, 2011, 'P', 160, 24, 0, 0, 0, 4.05, 14, 0, 9, 0, 0, 0, 20.0, 19, 9, 9, 3, 11, 0, 17, 0, 0, 3, 90, 108, 1.500, 8.6, 1.4, 5.0, 7.7, 1.55);
insert into PITCHEO_JUGADOR_EQUIPO values( 644, 1, 2011, 'P', 621, 23, 0, 0, 0, 6.10, 11, 0, 1, 0, 0, 1, 10.1, 12, 7, 7, 1, 8, 0, 6, 0, 0, 0, 47, 73, 1.935, 10.5, 0.9, 7.0, 5.2, 0.75);
insert into PITCHEO_JUGADOR_EQUIPO values( 645, 10, 2011, 'P', 192, 31, 0, 0, 0, 0.00, 9, 0, 3, 0, 0, 0, 8.0, 3, 0, 0, 0, 3, 0, 12, 1, 0, 1, 30, 0, 0.750, 3.4, 0.0, 3.4, 13.5, 4.00);
insert into PITCHEO_JUGADOR_EQUIPO values( 646, 1, 2011, 'P', 617, 25, 0, 0, 0, 6.00, 3, 0, 2, 0, 0, 0, 3.0, 3, 2, 2, 1, 1, 0, 4, 0, 0, 0, 13, 80, 1.333, 9.0, 3.0, 3.0, 12.0, 4.00);
insert into PITCHEO_JUGADOR_EQUIPO values( 647, 3, 2011, 'SP', 85, 26, 11, 11, .500, 4.72, 30, 30, 0, 0, 0, 0, 179.1, 162, 103, 94, 21, 69, 1, 203, 12, 1, 12, 777, 90, 1.288, 8.1, 1.1, 3.5, 10.2, 2.94);
insert into PITCHEO_JUGADOR_EQUIPO values( 648, 3, 2011, 'SP', 70, 24, 4, 11, .267, 4.73, 20, 20, 0, 2, 1, 0, 123.2, 122, 68, 65, 22, 42, 1, 87, 6, 0, 1, 532, 90, 1.326, 8.9, 1.6, 3.1, 6.3, 2.07);
insert into PITCHEO_JUGADOR_EQUIPO values( 649, 3, 2011, 'SP', 66, 23, 4, 5, .444, 6.06, 18, 14, 2, 0, 0, 0, 78.2, 87, 54, 53, 10, 55, 0, 51, 1, 0, 11, 365, 70, 1.805, 10.0, 1.1, 6.3, 5.8, 0.93);
insert into PITCHEO_JUGADOR_EQUIPO values( 650, 16, 2011, 'CL', 411, 31, 1, 4, .200, 3.55, 54, 0, 38, 0, 0, 17, 50.2, 49, 21, 20, 7, 18, 2, 53, 0, 0, 2, 218, 120, 1.322, 8.7, 1.2, 3.2, 9.4, 2.94);
insert into PITCHEO_JUGADOR_EQUIPO values( 651, 25, 2011, 'RP', 161, 35, 6, 3, .667, 4.21, 67, 0, 23, 0, 0, 1, 66.1, 79, 36, 31, 3, 22, 9, 32, 6, 0, 0, 292, 102, 1.523, 10.7, 0.4, 3.0, 4.3, 1.45);
insert into PITCHEO_JUGADOR_EQUIPO values( 652, 3, 2011, 'RP', 72, 29, 6, 0, 1.000, 2.26, 55, 0, 11, 0, 0, 2, 55.2, 47, 14, 14, 2, 14, 1, 53, 2, 0, 2, 223, 189, 1.096, 7.6, 0.3, 2.3, 8.6, 3.79);
insert into PITCHEO_JUGADOR_EQUIPO values( 653, 19, 2011, 'RP', 534, 32, 5, 4, .556, 4.85, 53, 0, 28, 0, 0, 11, 52.0, 56, 28, 28, 11, 14, 1, 36, 1, 0, 2, 225, 88, 1.346, 9.7, 1.9, 2.4, 6.2, 2.57);
insert into PITCHEO_JUGADOR_EQUIPO values( 654, 9, 2011, 'RP', 669, 33, 2, 1, .667, 2.98, 44, 0, 6, 0, 0, 0, 42.1, 38, 15, 14, 4, 15, 1, 37, 2, 0, 2, 178, 144, 1.252, 8.1, 0.9, 3.2, 7.9, 2.47);
insert into PITCHEO_JUGADOR_EQUIPO values( 655, 25, 2011, 'P', 170, 27, 6, 4, .600, 4.04, 33, 13, 3, 0, 0, 0, 107.0, 103, 49, 48, 11, 32, 3, 68, 4, 0, 4, 454, 106, 1.262, 8.7, 0.9, 2.7, 5.7, 2.13);
insert into PITCHEO_JUGADOR_EQUIPO values( 656, 3, 2011, 'P', 75, 26, 3, 3, .500, 5.12, 37, 4, 7, 0, 0, 0, 65.0, 74, 40, 37, 9, 27, 1, 54, 5, 0, 4, 294, 83, 1.554, 10.2, 1.2, 3.7, 7.5, 2.00);
insert into PITCHEO_JUGADOR_EQUIPO values( 657, 19, 2011, 'P', 536, 21, 1, 3, .250, 3.53, 10, 10, 0, 0, 0, 0, 63.2, 64, 26, 25, 8, 8, 0, 40, 4, 0, 2, 259, 121, 1.131, 9.0, 1.1, 1.1, 5.7, 5.00);
insert into PITCHEO_JUGADOR_EQUIPO values( 658, 27, 2011, 'P', 765, 25, 2, 3, .400, 2.97, 43, 0, 6, 0, 0, 0, 39.1, 28, 16, 13, 2, 15, 0, 33, 3, 0, 5, 158, 144, 1.093, 6.4, 0.5, 3.4, 7.6, 2.20);
insert into PITCHEO_JUGADOR_EQUIPO values( 659, 11, 2011, 'P', 384, 37, 2, 1, .667, 3.68, 36, 0, 11, 0, 0, 1, 29.1, 20, 13, 12, 5, 12, 2, 30, 2, 0, 0, 122, 117, 1.091, 6.1, 1.5, 3.7, 9.2, 2.50);
insert into PITCHEO_JUGADOR_EQUIPO values( 660, 3, 2011, 'P', 67, 29, 0, 2, .000, 6.43, 5, 4, 0, 0, 0, 0, 21.0, 20, 15, 15, 4, 13, 0, 20, 1, 0, 3, 96, 67, 1.571, 8.6, 1.7, 5.6, 8.6, 1.54);
insert into PITCHEO_JUGADOR_EQUIPO values( 661, 11, 2011, 'SP', 392, 28, 24, 5, .828, 2.40, 34, 34, 0, 4, 2, 0, 251.0, 174, 73, 67, 24, 57, 0, 250, 3, 2, 7, 969, 172, 0.920, 6.2, 0.9, 2.0, 9.0, 4.39);
insert into PITCHEO_JUGADOR_EQUIPO values( 662, 11, 2011, 'SP', 391, 26, 15, 9, .625, 4.43, 33, 33, 0, 0, 0, 0, 195.0, 207, 101, 96, 29, 56, 1, 174, 7, 0, 12, 833, 93, 1.349, 9.6, 1.3, 2.6, 8.0, 3.11);
insert into PITCHEO_JUGADOR_EQUIPO values( 663, 11, 2011, 'SP', 389, 22, 14, 9, .609, 4.75, 31, 31, 0, 0, 0, 0, 182.0, 210, 103, 96, 18, 46, 1, 104, 8, 0, 12, 784, 87, 1.407, 10.4, 0.9, 2.3, 5.1, 2.26);
insert into PITCHEO_JUGADOR_EQUIPO values( 664, 11, 2011, 'RP', 383, 28, 3, 9, .250, 4.47, 48, 14, 6, 0, 0, 1, 108.2, 118, 64, 54, 5, 40, 5, 69, 4, 0, 4, 474, 93, 1.454, 9.8, 0.4, 3.3, 5.7, 1.73);
insert into PITCHEO_JUGADOR_EQUIPO values( 665, 11, 2011, 'RP', 382, 33, 4, 3, .571, 2.95, 66, 0, 13, 0, 0, 2, 61.0, 47, 22, 20, 5, 17, 1, 63, 2, 0, 3, 241, 141, 1.049, 6.9, 0.7, 2.5, 9.3, 3.71);
insert into PITCHEO_JUGADOR_EQUIPO values( 666, 11, 2011, 'RP', 381, 25, 6, 1, .857, 1.87, 41, 0, 11, 0, 0, 0, 43.1, 21, 9, 9, 0, 29, 4, 67, 2, 0, 4, 182, 223, 1.154, 4.4, 0.0, 6.0, 13.9, 2.31);
insert into PITCHEO_JUGADOR_EQUIPO values( 667, 11, 2011, 'P', 388, 27, 8, 1, .889, 1.79, 11, 10, 0, 0, 0, 0, 70.1, 54, 19, 14, 4, 5, 0, 57, 3, 0, 0, 273, 231, 0.839, 6.9, 0.5, 0.6, 7.3, 11.40);
insert into PITCHEO_JUGADOR_EQUIPO values( 668, 7, 2011, 'P', 272, 25, 1, 3, .250, 3.62, 17, 2, 1, 0, 0, 0, 32.1, 36, 18, 13, 5, 14, 1, 26, 3, 1, 0, 139, 115, 1.546, 10.0, 1.4, 3.9, 7.2, 1.86);
insert into PITCHEO_JUGADOR_EQUIPO values( 669, 11, 2011, 'P', 387, 24, 1, 1, .500, 6.75, 16, 0, 4, 0, 0, 0, 16.0, 21, 12, 12, 3, 10, 2, 14, 0, 0, 1, 76, 63, 1.938, 11.8, 1.7, 5.6, 7.9, 1.40);
insert into PITCHEO_JUGADOR_EQUIPO values( 670, 10, 2011, 'SP', 200, 26, 12, 10, .545, 3.21, 34, 33, 0, 1, 0, 0, 216.0, 211, 89, 77, 11, 65, 4, 158, 11, 0, 5, 908, 122, 1.278, 8.8, 0.5, 2.7, 6.6, 2.43);
insert into PITCHEO_JUGADOR_EQUIPO values( 671, 5, 2011, 'SP', 228, 30, 7, 15, .318, 5.25, 32, 32, 0, 0, 0, 0, 188.2, 205, 125, 110, 22, 60, 3, 109, 14, 1, 3, 833, 75, 1.405, 9.8, 1.0, 2.9, 5.2, 1.82);
insert into PITCHEO_JUGADOR_EQUIPO values( 672, 10, 2011, 'SP', 203, 26, 12, 7, .632, 4.25, 26, 26, 0, 0, 0, 0, 165.1, 157, 80, 78, 24, 21, 2, 89, 3, 0, 3, 662, 93, 1.077, 8.5, 1.3, 1.1, 4.8, 4.24);
insert into PITCHEO_JUGADOR_EQUIPO values( 673, 10, 2011, 'SP', 197, 24, 8, 9, .471, 4.62, 21, 21, 0, 1, 0, 0, 124.2, 130, 68, 64, 15, 40, 3, 85, 4, 0, 3, 536, 85, 1.364, 9.4, 1.1, 2.9, 6.1, 2.13);
insert into PITCHEO_JUGADOR_EQUIPO values( 674, 10, 2011, 'SP', 198, 27, 4, 4, .500, 5.10, 11, 11, 0, 0, 0, 0, 65.1, 68, 43, 37, 7, 27, 0, 62, 2, 0, 2, 290, 77, 1.454, 9.4, 1.0, 3.7, 8.5, 2.30);
insert into PITCHEO_JUGADOR_EQUIPO values( 675, 10, 2011, 'CL', 193, 25, 4, 7, .364, 3.32, 64, 0, 57, 0, 0, 36, 59.2, 46, 24, 22, 5, 26, 4, 39, 3, 0, 1, 248, 119, 1.207, 6.9, 0.8, 3.9, 5.9, 1.50);
insert into PITCHEO_JUGADOR_EQUIPO values( 676, 10, 2011, 'RP', 196, 27, 3, 3, .500, 2.01, 71, 0, 13, 0, 0, 0, 67.0, 52, 16, 15, 1, 21, 1, 45, 2, 0, 2, 267, 196, 1.090, 7.0, 0.1, 2.8, 6.0, 2.14);
insert into PITCHEO_JUGADOR_EQUIPO values( 677, 20, 2011, 'RP', 303, 27, 6, 3, .667, 3.03, 69, 0, 17, 0, 0, 0, 62.1, 45, 22, 21, 10, 24, 3, 57, 0, 1, 2, 251, 130, 1.107, 6.5, 1.4, 3.5, 8.2, 2.38);
insert into PITCHEO_JUGADOR_EQUIPO values( 678, 10, 2011, 'RP', 194, 26, 1, 2, .333, 2.32, 67, 0, 20, 0, 0, 2, 62.0, 41, 16, 16, 5, 24, 3, 84, 3, 0, 0, 250, 170, 1.048, 6.0, 0.7, 3.5, 12.2, 3.50);
insert into PITCHEO_JUGADOR_EQUIPO values( 679, 15, 2011, 'P', 249, 33, 2, 2, .500, 5.53, 56, 0, 11, 0, 0, 0, 68.1, 86, 45, 42, 12, 26, 3, 59, 3, 0, 6, 318, 71, 1.639, 11.3, 1.6, 3.4, 7.8, 2.27);
insert into PITCHEO_JUGADOR_EQUIPO values( 680, 30, 2011, 'P', 100, 23, 5, 3, .625, 4.47, 11, 10, 0, 0, 0, 0, 58.1, 73, 31, 29, 6, 15, 1, 31, 1, 0, 2, 259, 88, 1.509, 11.3, 0.9, 2.3, 4.8, 2.07);
insert into PITCHEO_JUGADOR_EQUIPO values( 681, 10, 2011, 'P', 191, 27, 4, 0, 1.000, 5.11, 40, 0, 17, 0, 0, 0, 56.1, 71, 35, 32, 7, 16, 1, 34, 0, 0, 1, 253, 77, 1.544, 11.3, 1.1, 2.6, 5.4, 2.13);
insert into PITCHEO_JUGADOR_EQUIPO values( 682, 10, 2011, 'P', 201, 23, 0, 1, .000, 6.11, 4, 4, 0, 0, 0, 0, 17.2, 26, 16, 12, 1, 7, 1, 14, 0, 0, 0, 84, 66, 1.868, 13.2, 0.5, 3.6, 7.1, 2.00);
insert into PITCHEO_JUGADOR_EQUIPO values( 683, 28, 2011, 'P', 745, 22, 1, 0, 1.000, 3.60, 3, 3, 0, 0, 0, 0, 15.0, 14, 7, 6, 3, 9, 2, 13, 0, 0, 0, 66, 112, 1.533, 8.4, 1.8, 5.4, 7.8, 1.44);
insert into PITCHEO_JUGADOR_EQUIPO values( 684, 3, 2011, 'SP', 79, 32, 13, 9, .591, 3.59, 31, 31, 0, 0, 0, 0, 205.1, 221, 93, 82, 21, 45, 3, 109, 2, 0, 1, 858, 121, 1.295, 9.7, 0.9, 2.0, 4.8, 2.42);
insert into PITCHEO_JUGADOR_EQUIPO values( 685, 13, 2011, 'SP', 363, 28, 12, 13, .480, 4.37, 31, 30, 1, 1, 0, 0, 193.2, 180, 97, 94, 22, 45, 2, 151, 11, 1, 12, 798, 99, 1.162, 8.4, 1.0, 2.1, 7.0, 3.36);
insert into PITCHEO_JUGADOR_EQUIPO values( 686, 13, 2011, 'SP', 362, 26, 8, 12, .400, 4.33, 27, 27, 0, 2, 1, 0, 170.1, 182, 89, 82, 19, 46, 5, 135, 7, 0, 6, 728, 100, 1.339, 9.6, 1.0, 2.4, 7.1, 2.93);
insert into PITCHEO_JUGADOR_EQUIPO values( 687, 28, 2011, 'SP', 741, 28, 9, 9, .500, 3.75, 28, 26, 0, 0, 0, 0, 163.0, 151, 71, 68, 14, 41, 2, 116, 6, 1, 9, 676, 116, 1.178, 8.3, 0.8, 2.3, 6.4, 2.83);
insert into PITCHEO_JUGADOR_EQUIPO values( 688, 25, 2011, 'SP', 168, 27, 7, 7, .500, 3.92, 19, 19, 0, 1, 1, 0, 121.2, 134, 55, 53, 8, 39, 2, 97, 0, 1, 7, 522, 111, 1.422, 9.9, 0.6, 2.9, 7.2, 2.49);
insert into PITCHEO_JUGADOR_EQUIPO values( 689, 13, 2011, 'SP', 364, 30, 7, 7, .500, 4.92, 19, 18, 0, 1, 1, 0, 111.2, 117, 61, 61, 10, 24, 4, 95, 3, 0, 4, 470, 88, 1.263, 9.4, 0.8, 1.9, 7.7, 3.96);
insert into PITCHEO_JUGADOR_EQUIPO values( 690, 3, 2011, 'CL', 77, 27, 4, 5, .444, 3.55, 63, 0, 50, 0, 0, 30, 63.1, 41, 25, 25, 6, 29, 5, 92, 3, 0, 5, 260, 123, 1.105, 5.8, 0.9, 4.1, 13.1, 3.17);
insert into PITCHEO_JUGADOR_EQUIPO values( 691, 13, 2011, 'RP', 366, 22, 2, 2, .500, 2.79, 58, 0, 17, 0, 0, 8, 71.0, 52, 22, 22, 6, 27, 3, 79, 2, 0, 2, 288, 156, 1.113, 6.6, 0.8, 3.4, 10.0, 2.93);
insert into PITCHEO_JUGADOR_EQUIPO values( 692, 13, 2011, 'RP', 353, 29, 8, 3, .727, 2.62, 67, 0, 11, 0, 0, 1, 65.1, 50, 20, 19, 7, 31, 5, 70, 0, 1, 0, 268, 166, 1.240, 6.9, 1.0, 4.3, 9.6, 2.26);
insert into PITCHEO_JUGADOR_EQUIPO values( 693, 13, 2011, 'RP', 359, 34, 2, 5, .286, 3.32, 62, 0, 20, 0, 0, 3, 59.2, 60, 34, 22, 3, 21, 5, 63, 0, 0, 2, 262, 131, 1.358, 9.1, 0.5, 3.2, 9.5, 3.00);
insert into PITCHEO_JUGADOR_EQUIPO values( 694, 13, 2011, 'P', 361, 25, 1, 0, 1.000, 2.89, 4, 3, 1, 0, 0, 0, 18.2, 18, 6, 6, 1, 9, 2, 19, 1, 0, 0, 82, 152, 1.446, 8.7, 0.5, 4.3, 9.2, 2.11);
insert into PITCHEO_JUGADOR_EQUIPO values( 695, 7, 2011, 'P', 273, 32, 0, 0, 0, 6.62, 13, 0, 8, 0, 0, 0, 17.2, 23, 13, 13, 1, 7, 1, 20, 2, 0, 1, 81, 67, 1.698, 11.7, 0.5, 3.6, 10.2, 2.86);
insert into PITCHEO_JUGADOR_EQUIPO values( 696, 9, 2011, 'P', 669, 33, 1, 2, .333, 5.09, 20, 0, 4, 0, 0, 0, 17.2, 20, 10, 10, 3, 11, 2, 20, 1, 0, 1, 83, 87, 1.755, 10.2, 1.5, 5.6, 10.2, 1.82);
insert into PITCHEO_JUGADOR_EQUIPO values( 697, 13, 2011, 'P', 356, 22, 0, 0, 0, 3.68, 6, 0, 2, 0, 0, 0, 7.1, 10, 3, 3, 1, 1, 0, 12, 0, 0, 0, 33, 123, 1.500, 12.3, 1.2, 1.2, 14.7, 12.00);
insert into PITCHEO_JUGADOR_EQUIPO values( 698, 13, 2011, 'P', 357, 23, 0, 0, 0, 0.00, 2, 0, 1, 0, 0, 0, 5.1, 1, 0, 0, 0, 1, 1, 2, 0, 0, 1, 18, 0, 0.375, 1.7, 0.0, 1.7, 3.4, 2.00);
insert into PITCHEO_JUGADOR_EQUIPO values( 699, 28, 2011, 'P', 740, 26, 0, 0, 0, 7.20, 3, 0, 2, 0, 0, 0, 5.0, 11, 4, 4, 0, 1, 0, 5, 0, 0, 0, 26, 64, 2.400, 19.8, 0.0, 1.8, 9.0, 5.00);
insert into PITCHEO_JUGADOR_EQUIPO values( 700, 14, 2011, 'SP', 136, 27, 11, 11, .500, 4.68, 31, 31, 0, 0, 0, 0, 198.0, 192, 110, 103, 23, 62, 4, 128, 7, 2, 7, 835, 87, 1.283, 8.7, 1.0, 2.8, 5.8, 2.06);
insert into PITCHEO_JUGADOR_EQUIPO values( 701, 21, 2011, 'SP', 564, 30, 6, 16, .273, 4.82, 31, 31, 0, 1, 0, 0, 183.0, 224, 102, 98, 19, 39, 5, 91, 5, 1, 5, 803, 85, 1.437, 11.0, 0.9, 1.9, 4.5, 2.33);
insert into PITCHEO_JUGADOR_EQUIPO values( 702, 14, 2011, 'SP', 131, 34, 12, 8, .600, 3.77, 25, 25, 0, 1, 0, 0, 155.0, 152, 71, 65, 18, 50, 2, 97, 7, 0, 2, 654, 108, 1.303, 8.8, 1.0, 2.9, 5.6, 1.94);
insert into PITCHEO_JUGADOR_EQUIPO values( 703, 14, 2011, 'SP', 129, 27, 4, 6, .400, 4.11, 21, 20, 0, 0, 0, 0, 124.2, 123, 62, 57, 10, 48, 2, 119, 8, 1, 6, 531, 100, 1.372, 8.9, 0.7, 3.5, 8.6, 2.48);
insert into PITCHEO_JUGADOR_EQUIPO values( 704, 14, 2011, 'SP', 128, 22, 4, 8, .333, 5.64, 20, 20, 0, 0, 0, 0, 105.1, 119, 66, 66, 15, 51, 1, 87, 5, 1, 4, 474, 73, 1.614, 10.2, 1.3, 4.4, 7.4, 1.71);
insert into PITCHEO_JUGADOR_EQUIPO values( 705, 9, 2011, 'CL', 667, 27, 5, 5, .500, 4.03, 60, 0, 47, 0, 0, 28, 60.1, 60, 29, 27, 7, 17, 0, 60, 2, 0, 1, 256, 102, 1.276, 9.0, 1.0, 2.5, 9.0, 3.53);
insert into PITCHEO_JUGADOR_EQUIPO values( 706, 10, 2011, 'RP', 187, 25, 5, 3, .625, 3.75, 55, 0, 20, 0, 0, 1, 69.2, 66, 30, 29, 5, 32, 7, 62, 3, 0, 2, 303, 110, 1.407, 8.5, 0.6, 4.1, 8.0, 1.94);
insert into PITCHEO_JUGADOR_EQUIPO values( 707, 14, 2011, 'RP', 132, 21, 4, 4, .500, 3.63, 68, 0, 18, 0, 0, 0, 67.0, 52, 28, 27, 5, 48, 2, 60, 2, 0, 3, 295, 113, 1.493, 7.0, 0.7, 6.4, 8.1, 1.25);
insert into PITCHEO_JUGADOR_EQUIPO values( 708, 14, 2011, 'RP', 133, 24, 4, 4, .500, 2.76, 57, 0, 19, 0, 0, 0, 62.0, 55, 20, 19, 8, 31, 2, 65, 0, 1, 9, 266, 149, 1.387, 8.0, 1.2, 4.5, 9.4, 2.10);
insert into PITCHEO_JUGADOR_EQUIPO values( 709, 14, 2011, 'P', 137, 25, 5, 1, .833, 1.80, 46, 0, 15, 0, 0, 4, 60.0, 37, 13, 12, 3, 19, 3, 74, 1, 0, 7, 233, 228, 0.933, 5.6, 0.5, 2.9, 11.1, 3.89);
insert into PITCHEO_JUGADOR_EQUIPO values( 710, 14, 2011, 'P', 140, 27, 2, 0, 1.000, 1.23, 2, 2, 0, 0, 0, 0, 14.2, 11, 3, 2, 0, 5, 0, 7, 2, 0, 0, 60, 341, 1.091, 6.8, 0.0, 3.1, 4.3, 1.40);
insert into PITCHEO_JUGADOR_EQUIPO values( 711, 12, 2011, 'SP', 467, 28, 9, 14, .391, 5.23, 32, 28, 0, 1, 1, 0, 161.2, 193, 102, 94, 21, 52, 3, 115, 1, 0, 3, 711, 77, 1.515, 10.7, 1.2, 2.9, 6.4, 2.21);
insert into PITCHEO_JUGADOR_EQUIPO values( 712, 25, 2011, 'SP', 156, 29, 8, 6, .571, 3.14, 23, 21, 2, 1, 0, 0, 134.2, 126, 50, 47, 15, 32, 2, 123, 4, 0, 4, 548, 129, 1.173, 8.4, 1.0, 2.1, 8.2, 3.84);
insert into PITCHEO_JUGADOR_EQUIPO values( 713, 30, 2011, 'SP', 109, 27, 9, 10, .474, 5.09, 26, 24, 0, 1, 1, 0, 134.1, 125, 81, 76, 14, 75, 1, 112, 7, 0, 9, 591, 80, 1.489, 8.4, 0.9, 5.0, 7.5, 1.49);
insert into PITCHEO_JUGADOR_EQUIPO values( 714, 12, 2011, 'RP', 469, 28, 4, 4, .500, 2.48, 65, 0, 17, 0, 0, 2, 61.2, 55, 19, 17, 2, 21, 5, 65, 1, 0, 3, 253, 164, 1.232, 8.0, 0.3, 3.1, 9.5, 3.10);
insert into PITCHEO_JUGADOR_EQUIPO values( 715, 24, 2011, 'RP', 334, 26, 0, 2, .000, 4.59, 58, 0, 13, 0, 0, 0, 49.0, 53, 31, 25, 4, 30, 2, 30, 3, 0, 1, 228, 89, 1.694, 9.7, 0.7, 5.5, 5.5, 1.00);
insert into PITCHEO_JUGADOR_EQUIPO values( 716, 9, 2011, 'RP', 673, 36, 2, 1, .667, 4.84, 48, 0, 33, 0, 0, 14, 44.2, 38, 26, 24, 7, 14, 2, 43, 3, 0, 3, 191, 84, 1.164, 7.7, 1.4, 2.8, 8.7, 3.07);
insert into PITCHEO_JUGADOR_EQUIPO values( 717, 12, 2011, 'P', 472, 25, 4, 7, .364, 4.32, 27, 11, 2, 0, 0, 0, 102.0, 111, 53, 49, 9, 26, 1, 55, 6, 1, 3, 441, 94, 1.343, 9.8, 0.8, 2.3, 4.9, 2.12);
insert into PITCHEO_JUGADOR_EQUIPO values( 718, 19, 2011, 'P', 542, 27, 0, 8, .000, 6.67, 14, 8, 1, 0, 0, 0, 59.1, 78, 44, 44, 10, 5, 0, 34, 3, 0, 0, 258, 61, 1.399, 11.8, 1.5, 0.8, 5.2, 6.80);
insert into PITCHEO_JUGADOR_EQUIPO values( 719, 12, 2011, 'P', 476, 24, 1, 5, .167, 5.08, 7, 7, 0, 0, 0, 0, 39.0, 51, 25, 22, 3, 17, 3, 19, 0, 0, 3, 181, 80, 1.744, 11.8, 0.7, 3.9, 4.4, 1.12);
insert into PITCHEO_JUGADOR_EQUIPO values( 720, 12, 2011, 'P', 477, 22, 0, 2, .000, 6.17, 4, 4, 0, 0, 0, 0, 23.1, 29, 16, 16, 3, 6, 0, 16, 0, 0, 1, 100, 67, 1.500, 11.2, 1.2, 2.3, 6.2, 2.67);
insert into PITCHEO_JUGADOR_EQUIPO values( 721, 21, 2011, 'P', 553, 32, 0, 0, 0, 0.00, 1, 0, 1, 0, 0, 0, 1.0, 2, 0, 0, 0, 1, 0, 0, 0, 0, 0, 6, 0, 3.000, 18.0, 0.0, 9.0, 0.0, 0.00);
insert into PITCHEO_JUGADOR_EQUIPO values( 722, 6, 2011, 'SP', 509, 30, 16, 7, .696, 2.94, 34, 34, 0, 3, 1, 0, 223.1, 191, 89, 73, 16, 74, 0, 206, 10, 0, 6, 915, 150, 1.187, 7.7, 0.6, 3.0, 8.3, 2.78);
insert into PITCHEO_JUGADOR_EQUIPO values( 723, 9, 2011, 'SP', 681, 31, 14, 10, .583, 4.40, 32, 32, 0, 2, 1, 0, 200.1, 187, 103, 98, 35, 56, 1, 169, 6, 0, 4, 839, 100, 1.213, 8.4, 1.6, 2.5, 7.6, 3.02);
insert into PITCHEO_JUGADOR_EQUIPO values( 724, 9, 2011, 'SP', 680, 24, 16, 5, .762, 3.95, 32, 32, 0, 4, 4, 0, 198.0, 201, 97, 87, 22, 67, 1, 162, 6, 1, 2, 843, 112, 1.354, 9.1, 1.0, 3.0, 7.4, 2.42);
insert into PITCHEO_JUGADOR_EQUIPO values( 725, 9, 2011, 'SP', 679, 25, 14, 9, .609, 3.39, 31, 30, 0, 0, 0, 0, 185.2, 180, 79, 70, 13, 57, 1, 126, 1, 1, 6, 772, 130, 1.276, 8.7, 0.6, 2.8, 6.1, 2.21);
insert into PITCHEO_JUGADOR_EQUIPO values( 726, 9, 2011, 'SP', 682, 27, 13, 8, .619, 3.51, 31, 29, 2, 1, 1, 0, 169.0, 149, 73, 66, 16, 43, 0, 126, 7, 0, 5, 693, 126, 1.136, 7.9, 0.9, 2.3, 6.7, 2.93);
insert into PITCHEO_JUGADOR_EQUIPO values( 727, 9, 2011, 'CL', 678, 23, 2, 3, .400, 2.74, 64, 0, 56, 0, 0, 32, 62.1, 42, 22, 19, 4, 30, 1, 54, 0, 1, 2, 252, 162, 1.155, 6.1, 0.6, 4.3, 7.8, 1.80);
insert into PITCHEO_JUGADOR_EQUIPO values( 728, 3, 2011, 'RP', 74, 40, 5, 5, .500, 2.29, 61, 0, 17, 0, 0, 2, 51.0, 47, 17, 13, 3, 11, 1, 44, 1, 1, 0, 215, 194, 1.137, 8.3, 0.5, 1.9, 7.8, 4.00);
insert into PITCHEO_JUGADOR_EQUIPO values( 729, 6, 2011, 'RP', 501, 28, 2, 3, .400, 3.80, 52, 0, 10, 0, 0, 1, 45.0, 46, 26, 19, 6, 19, 4, 42, 0, 0, 3, 196, 117, 1.444, 9.2, 1.2, 3.8, 8.4, 2.21);
insert into PITCHEO_JUGADOR_EQUIPO values( 730, 25, 2011, 'P', 166, 28, 2, 1, .667, 3.94, 11, 2, 5, 0, 0, 0, 32.0, 25, 14, 14, 3, 10, 0, 22, 2, 0, 2, 129, 113, 1.094, 7.0, 0.8, 2.8, 6.2, 2.20);
insert into PITCHEO_JUGADOR_EQUIPO values( 731, 9, 2011, 'P', 671, 24, 1, 1, .500, 6.59, 15, 0, 7, 0, 0, 0, 27.1, 26, 22, 20, 5, 12, 2, 21, 3, 0, 2, 122, 68, 1.390, 8.6, 1.6, 4.0, 6.9, 1.75);
insert into PITCHEO_JUGADOR_EQUIPO values( 732, 15, 2011, 'P', 246, 32, 2, 3, .400, 2.10, 27, 0, 5, 0, 0, 1, 25.2, 18, 6, 6, 3, 5, 1, 25, 0, 0, 0, 98, 212, 0.896, 6.3, 1.1, 1.8, 8.8, 5.00);
insert into PITCHEO_JUGADOR_EQUIPO values( 733, 1, 2011, 'P', 618, 36, 1, 2, .333, 4.00, 22, 0, 3, 0, 0, 0, 18.0, 13, 8, 8, 5, 1, 0, 23, 0, 0, 0, 69, 112, 0.778, 6.5, 2.5, 0.5, 11.5, 23.00);
insert into PITCHEO_JUGADOR_EQUIPO values( 734, 4, 2011, 'P', 444, 28, 0, 1, .000, 5.40, 16, 0, 7, 0, 0, 0, 16.2, 17, 10, 10, 7, 5, 0, 18, 2, 0, 0, 74, 83, 1.320, 9.2, 3.8, 2.7, 9.7, 3.60);
insert into PITCHEO_JUGADOR_EQUIPO values( 735, 4, 2011, 'P', 440, 24, 1, 1, .500, 2.93, 8, 0, 2, 0, 0, 0, 15.1, 12, 6, 5, 1, 5, 0, 10, 0, 0, 0, 62, 154, 1.109, 7.0, 0.6, 2.9, 5.9, 2.00);
insert into PITCHEO_JUGADOR_EQUIPO values( 736, 4, 2011, 'P', 446, 26, 0, 1, .000, 3.72, 11, 0, 4, 0, 0, 0, 9.2, 7, 4, 4, 0, 7, 0, 9, 1, 2, 2, 44, 123, 1.448, 6.5, 0.0, 6.5, 8.4, 1.29);
insert into PITCHEO_JUGADOR_EQUIPO values( 737, 18, 2011, 'SP', 860, 30, 16, 10, .615, 3.17, 35, 34, 1, 4, 3, 0, 238.1, 211, 91, 84, 20, 33, 1, 192, 5, 0, 6, 953, 119, 1.024, 8.0, 0.8, 1.2, 7.3, 5.82);
insert into PITCHEO_JUGADOR_EQUIPO values( 738, 6, 2011, 'SP', 508, 28, 18, 8, .692, 2.41, 33, 33, 0, 4, 2, 0, 235.2, 182, 65, 63, 20, 56, 0, 198, 3, 0, 8, 926, 156, 1.010, 7.0, 0.8, 2.1, 7.6, 3.54);
insert into PITCHEO_JUGADOR_EQUIPO values( 739, 14, 2011, 'SP', 141, 28, 11, 12, .478, 3.38, 33, 33, 0, 4, 1, 0, 228.2, 207, 95, 86, 26, 72, 4, 178, 8, 1, 10, 949, 111, 1.220, 8.1, 1.0, 2.8, 7.0, 2.47);
insert into PITCHEO_JUGADOR_EQUIPO values( 740, 17, 2011, 'CL', 648, 23, 5, 5, .500, 2.98, 62, 0, 42, 0, 0, 32, 60.1, 49, 22, 20, 3, 26, 3, 67, 1, 0, 6, 253, 127, 1.243, 7.3, 0.4, 3.9, 10.0, 2.58);
insert into PITCHEO_JUGADOR_EQUIPO values( 741, 25, 2011, 'RP', 165, 36, 4, 3, .571, 3.44, 61, 0, 18, 0, 0, 2, 68.0, 58, 30, 26, 7, 25, 8, 52, 0, 0, 1, 281, 110, 1.221, 7.7, 0.9, 3.3, 6.9, 2.08);
insert into PITCHEO_JUGADOR_EQUIPO values( 742, 6, 2011, 'RP', 498, 35, 6, 3, .667, 1.34, 60, 0, 10, 0, 0, 1, 53.2, 39, 11, 8, 3, 15, 3, 35, 0, 0, 2, 218, 282, 1.006, 6.5, 0.5, 2.5, 5.9, 2.33);
insert into PITCHEO_JUGADOR_EQUIPO values( 743, 5, 2011, 'RP', 224, 34, 3, 5, .375, 4.50, 39, 0, 15, 0, 0, 3, 32.0, 26, 18, 16, 1, 28, 0, 26, 3, 0, 2, 150, 85, 1.688, 7.3, 0.3, 7.9, 7.3, 0.93);
insert into PITCHEO_JUGADOR_EQUIPO values( 744, 6, 2011, 'P', 502, 29, 4, 0, 1.000, 3.68, 10, 6, 1, 0, 0, 0, 44.0, 45, 20, 18, 6, 15, 0, 28, 1, 0, 0, 184, 103, 1.364, 9.2, 1.2, 3.1, 5.7, 1.87);
insert into PITCHEO_JUGADOR_EQUIPO values( 745, 6, 2011, 'P', 505, 23, 0, 2, .000, 5.79, 7, 3, 2, 0, 0, 0, 14.0, 16, 11, 9, 4, 7, 0, 9, 0, 0, 2, 62, 67, 1.643, 10.3, 2.6, 4.5, 5.8, 1.29);
insert into PITCHEO_JUGADOR_EQUIPO values( 746, 6, 2011, 'P', 500, 26, 1, 2, .333, 7.62, 16, 0, 5, 0, 0, 0, 13.0, 21, 11, 11, 2, 9, 4, 6, 1, 0, 5, 68, 51, 2.308, 14.5, 1.4, 6.2, 4.2, 0.67);
insert into PITCHEO_JUGADOR_EQUIPO values( 747, 10, 2011, 'P', 199, 27, 0, 0, 0, 27.00, 1, 1, 0, 0, 0, 0, 1.2, 5, 5, 5, 1, 2, 0, 0, 2, 1, 0, 14, 17, 4.200, 27.0, 5.4, 10.8, 0.0, 0.00);
insert into PITCHEO_JUGADOR_EQUIPO values( 748, 20, 2011, 'SP', 305, 23, 12, 14, .462, 4.16, 34, 34, 0, 0, 0, 0, 207.2, 214, 102, 96, 19, 82, 1, 147, 8, 0, 15, 901, 96, 1.425, 9.3, 0.8, 3.6, 6.4, 1.79);
insert into PITCHEO_JUGADOR_EQUIPO values( 749, 18, 2011, 'SP', 859, 25, 16, 12, .571, 3.12, 32, 32, 0, 0, 0, 0, 202.0, 175, 81, 70, 17, 91, 1, 197, 8, 1, 6, 864, 129, 1.317, 7.8, 0.8, 4.1, 8.8, 2.16);
insert into PITCHEO_JUGADOR_EQUIPO values( 750, 20, 2011, 'SP', 309, 27, 9, 9, .500, 3.32, 25, 25, 0, 5, 1, 0, 170.2, 168, 73, 63, 11, 25, 1, 123, 0, 0, 3, 690, 121, 1.131, 8.9, 0.6, 1.3, 6.5, 4.92);
insert into PITCHEO_JUGADOR_EQUIPO values( 751, 8, 2011, 'SP', 591, 23, 3, 6, .333, 4.00, 13, 13, 0, 1, 0, 0, 83.1, 86, 40, 37, 8, 25, 1, 61, 7, 1, 0, 356, 101, 1.332, 9.3, 0.9, 2.7, 6.6, 2.44);
insert into PITCHEO_JUGADOR_EQUIPO values( 752, 1, 2011, 'CL', 612, 27, 0, 4, .000, 3.24, 42, 0, 37, 0, 0, 24, 41.2, 34, 18, 15, 3, 12, 2, 41, 0, 0, 0, 170, 125, 1.104, 7.3, 0.6, 2.6, 8.9, 3.42);
insert into PITCHEO_JUGADOR_EQUIPO values( 753, 8, 2011, 'RP', 583, 33, 5, 2, .714, 2.47, 62, 0, 15, 0, 0, 2, 62.0, 44, 17, 17, 8, 20, 1, 59, 0, 0, 0, 242, 163, 1.032, 6.4, 1.2, 2.9, 8.6, 2.95);
insert into PITCHEO_JUGADOR_EQUIPO values( 754, 1, 2011, 'RP', 613, 30, 0, 2, .000, 3.79, 67, 0, 10, 0, 0, 0, 59.1, 69, 29, 25, 4, 21, 1, 44, 2, 0, 3, 261, 106, 1.517, 10.5, 0.6, 3.2, 6.7, 2.10);
insert into PITCHEO_JUGADOR_EQUIPO values( 755, 20, 2011, 'RP', 304, 31, 3, 2, .600, 2.39, 43, 0, 12, 0, 0, 1, 37.2, 38, 14, 10, 0, 13, 3, 29, 1, 0, 1, 160, 169, 1.354, 9.1, 0.0, 3.1, 6.9, 2.23);
insert into PITCHEO_JUGADOR_EQUIPO values( 756, 22, 2011, 'P', 832, 24, 3, 3, .500, 2.75, 9, 6, 1, 0, 0, 0, 36.0, 33, 12, 11, 1, 13, 1, 24, 0, 0, 2, 145, 147, 1.278, 8.3, 0.3, 3.3, 6.0, 1.85);
insert into PITCHEO_JUGADOR_EQUIPO values( 757, 8, 2011, 'P', 584, 27, 0, 0, 0, 2.86, 26, 0, 11, 0, 0, 0, 28.1, 24, 14, 9, 2, 14, 1, 26, 1, 0, 0, 122, 142, 1.341, 7.6, 0.6, 4.4, 8.3, 1.86);
insert into PITCHEO_JUGADOR_EQUIPO values( 758, 7, 2011, 'SP', 280, 25, 14, 14, .500, 3.47, 33, 33, 0, 5, 0, 0, 233.2, 218, 99, 90, 19, 67, 0, 222, 7, 1, 12, 964, 109, 1.220, 8.4, 0.7, 2.6, 8.6, 3.31);
insert into PITCHEO_JUGADOR_EQUIPO values( 759, 6, 2011, 'SP', 507, 28, 10, 13, .435, 4.25, 32, 32, 0, 4, 3, 0, 201.0, 205, 105, 95, 22, 59, 4, 131, 4, 1, 3, 857, 88, 1.313, 9.2, 1.0, 2.6, 5.9, 2.22);
insert into PITCHEO_JUGADOR_EQUIPO values( 760, 2, 2011, 'SP', 701, 22, 9, 10, .474, 3.74, 28, 28, 0, 0, 0, 0, 171.0, 133, 76, 71, 18, 55, 1, 173, 5, 0, 9, 696, 101, 1.099, 7.0, 0.9, 2.9, 9.1, 3.15);
insert into PITCHEO_JUGADOR_EQUIPO values( 761, 11, 2011, 'SP', 388, 27, 3, 12, .200, 3.33, 21, 21, 0, 3, 0, 0, 146.0, 139, 57, 54, 7, 32, 2, 89, 9, 1, 3, 602, 113, 1.171, 8.6, 0.4, 2.0, 5.5, 2.78);
insert into PITCHEO_JUGADOR_EQUIPO values( 762, 7, 2011, 'SP', 279, 22, 5, 6, .455, 4.27, 15, 15, 0, 0, 0, 0, 97.0, 106, 46, 46, 13, 15, 0, 42, 3, 0, 4, 405, 88, 1.247, 9.8, 1.2, 1.4, 3.9, 2.80);
insert into PITCHEO_JUGADOR_EQUIPO values( 763, 28, 2011, 'SP', 738, 32, 4, 7, .364, 3.45, 16, 16, 0, 0, 0, 0, 91.1, 77, 41, 35, 11, 30, 0, 87, 1, 0, 5, 373, 109, 1.172, 7.6, 1.1, 3.0, 8.6, 2.90);
insert into PITCHEO_JUGADOR_EQUIPO values( 764, 23, 2011, 'CL', 19, 28, 1, 5, .167, 2.79, 65, 0, 60, 0, 0, 37, 61.1, 56, 25, 19, 3, 10, 2, 45, 2, 0, 4, 250, 136, 1.076, 8.2, 0.4, 1.5, 6.6, 4.50);
insert into PITCHEO_JUGADOR_EQUIPO values( 765, 5, 2011, 'RP', 225, 36, 2, 3, .400, 3.16, 60, 0, 19, 0, 0, 1, 68.1, 61, 26, 24, 6, 30, 3, 48, 5, 0, 4, 286, 120, 1.332, 8.0, 0.8, 4.0, 6.3, 1.60);
insert into PITCHEO_JUGADOR_EQUIPO values( 766, 16, 2011, 'RP', 420, 26, 1, 1, .500, 4.01, 36, 0, 7, 0, 0, 0, 42.2, 54, 20, 19, 7, 16, 3, 24, 1, 1, 2, 197, 95, 1.641, 11.4, 1.5, 3.4, 5.1, 1.50);
insert into PITCHEO_JUGADOR_EQUIPO values( 767, 7, 2011, 'P', 272, 25, 3, 7, .300, 6.62, 11, 10, 0, 0, 0, 0, 53.0, 61, 41, 39, 11, 16, 1, 41, 3, 0, 2, 233, 57, 1.453, 10.4, 1.9, 2.7, 7.0, 2.56);
insert into PITCHEO_JUGADOR_EQUIPO values( 768, 7, 2011, 'P', 278, 27, 2, 0, 1.000, 3.31, 25, 0, 10, 0, 0, 0, 32.2, 25, 13, 12, 2, 13, 0, 30, 2, 1, 6, 136, 115, 1.163, 6.9, 0.6, 3.6, 8.3, 2.31);
insert into PITCHEO_JUGADOR_EQUIPO values( 769, 2, 2011, 'P', 704, 27, 0, 0, 0, 0.00, 10, 0, 2, 0, 0, 0, 12.2, 7, 0, 0, 0, 3, 1, 10, 0, 0, 0, 47, 0, 0.789, 5.0, 0.0, 2.1, 7.1, 3.33);
insert into PITCHEO_JUGADOR_EQUIPO values( 770, 3, 2011, 'P', 71, 27, 1, 1, .500, 2.57, 6, 0, 4, 0, 0, 0, 7.0, 5, 2, 2, 1, 4, 1, 7, 1, 0, 0, 28, 155, 1.286, 6.4, 1.3, 5.1, 9.0, 1.75);
